1729947600, 38344, 2
1729951200, 37569, 1
1729954800, 41277, 0
1729958400, 40266, 0
1729962000, 37889, 0
1729965600, 34721, 0
1729969200, 33799, 0
1729972800, 32273, 0
1729976400, 38896, 0
1729980000, 36816, 0
1729983600, 50255, 0
1729987200, 41248, 0
1729990800, 42157, 0
1729994400, 38990, 0
1729998000, 39600, 0
1730001600, 38999, 0
1730005200, 39948, 1
1730008800, 41153, 0
1730012400, 43139, 0
1730016000, 41246, 0
1730019600, 40242, 1
1730023200, 46060, 0
1730026800, 42670, 1
1730030400, 39269, 0
1730034000, 42207, 0
1730037600, 38550, 0
1730041200, 42672, 0
1730044800, 41980, 0
1730048400, 38835, 0
1730052000, 38609, 0
1730055600, 36423, 0
1730059200, 34760, 2
1730062800, 40275, 0
1730066400, 38046, 0
1730070000, 51474, 0
1730073600, 43402, 0
1730077200, 43390, 0
1730080800, 41524, 0
1730084400, 43734, 0
1730088000, 42008, 0
1730091600, 44667, 0
1730095200, 41697, 0
1730098800, 43417, 0
1730102400, 46531, 0
1730106000, 44238, 0
1730109600, 42034, 0
1730113200, 43065, 0
1730116800, 39855, 0
1730120400, 39117, 0
1730124000, 36526, 0
1730127600, 40251, 1
1730131200, 35038, 1
1730134800, 43258, 0
1730138400, 43760, 1
1730142000, 41228, 2
1730145600, 40531, 0
1730149200, 46925, 0
1730152800, 40570, 0
1730156400, 57367, 1
1730160000, 44530, 1
1730163600, 47460, 0
1730167200, 46249, 1
1730170800, 46112, 0
1730174400, 44707, 1
1730178000, 46433, 2
1730181600, 52213, 0
1730185200, 50720, 3
1730188800, 49183, 2
1730192400, 50377, 0
1730196000, 48061, 1
1730199600, 46299, 1
1730203200, 43026, 2
1730206800, 48108, 0
1730210400, 46401, 0
1730214000, 48965, 1
1730217600, 48740, 1
1730221200, 47659, 0
1730224800, 43657, 1
1730228400, 41318, 0
1730232000, 42585, 0
1730235600, 47713, 0
1730239200, 44558, 0
1730242800, 60791, 1
1730246400, 50167, 0
1730250000, 48328, 0
1730253600, 47848, 0
1730257200, 47546, 1
1730260800, 45830, 0
1730264400, 45007, 0
1730268000, 47003, 1
1730271600, 45358, 0
1730275200, 44636, 0
1730278800, 49361, 0
1730282400, 43663, 0
1730286000, 43505, 0
1730289600, 40399, 0
1730293200, 44234, 0
1730296800, 43087, 0
1730300400, 44052, 0
1730304000, 39812, 1
1730307600, 39707, 0
1730311200, 39471, 0
1730314800, 37773, 0
1730318400, 38996, 0
1730322000, 42293, 0
1730325600, 40810, 0
1730329200, 55885, 0
1730332800, 44651, 0
1730336400, 43763, 0
1730340000, 46929, 0
1730343600, 47611, 0
1730347200, 46081, 1
1730350800, 46688, 0
1730354400, 41046, 0
1730358000, 44447, 0
1730361600, 40755, 0
1730365200, 46552, 0
1730368800, 44008, 0
1730372400, 43408, 1
1730376000, 44200, 0
1730379600, 47269, 0
1730383200, 44542, 0
1730386800, 48245, 0
1730390400, 44223, 0
1730394000, 43270, 0
1730397600, 41580, 0
1730401200, 43755, 0
1730404800, 42587, 0
1730408400, 44444, 0
1730412000, 45924, 0
1730415600, 57091, 0
1730419200, 47806, 1
1730422800, 49553, 0
1730426400, 46057, 0
1730430000, 43594, 0
1730433600, 43634, 0
1730437200, 41913, 0
1730440800, 40753, 0
1730444400, 41619, 0
1730448000, 42156, 0
1730451600, 40464, 0
1730455200, 41696, 0
1730458800, 41119, 0
1730462400, 35873, 0
1730466000, 40129, 0
1730469600, 36628, 0
1730473200, 38618, 0
1730476800, 39057, 0
1730480400, 40034, 0
1730484000, 36553, 0
1730487600, 35539, 0
1730491200, 35604, 0
1730494800, 43376, 0
1730498400, 40578, 0
1730502000, 55310, 0
1730505600, 43974, 0
1730509200, 43457, 0
1730512800, 42639, 0
1730516400, 42216, 0
1730520000, 41053, 0
1730523600, 41153, 0
1730527200, 43057, 0
1730530800, 39768, 0
1730534400, 40275, 1
1730538000, 38623, 0
1730541600, 39763, 0
1730545200, 37576, 0
1730548800, 34841, 0
1730552400, 35134, 0
1730556000, 33658, 0
1730559600, 36466, 0
1730563200, 33898, 0
1730566800, 33023, 0
1730570400, 31695, 0
1730574000, 30557, 0
1730577600, 31802, 0
1730581200, 35604, 0
1730584800, 33166, 0
1730588400, 46851, 0
1730592000, 40102, 0
1730595600, 37817, 0
1730599200, 39449, 0
1730602800, 38867, 0
1730606400, 38405, 1
1730610000, 40944, 0
1730613600, 43449, 0
1730617200, 43959, 0
1730620800, 42441, 0
1730624400, 42881, 0
1730628000, 43670, 0
1730631600, 43441, 0
1730635200, 39558, 0
1730638800, 45829, 0
1730642400, 43697, 0
1730646000, 42342, 0
1730649600, 36583, 0
1730653200, 38809, 0
1730656800, 39597, 0
1730660400, 41754, 0
1730664000, 31638, 0
1730667600, 37111, 0
1730671200, 34000, 1
1730674800, 49571, 0
1730678400, 44196, 0
1730682000, 46074, 0
1730685600, 47362, 0
1730689200, 49510, 0
1730692800, 50584, 0
1730696400, 44954, 0
1730700000, 42319, 1
1730703600, 44163, 0
1730707200, 46323, 2
1730710800, 45523, 0
1730714400, 45977, 0
1730718000, 51919, 2
1730721600, 45995, 0
1730725200, 54621, 1
1730728800, 45868, 1
1730732400, 52969, 0
1730736000, 49774, 0
1730739600, 49906, 0
1730743200, 44664, 0
1730746800, 49467, 0
1730750400, 45903, 1
1730754000, 50608, 0
1730757600, 49342, 0
1730761200, 68272, 2
1730764800, 56771, 1
1730768400, 50201, 0
1730772000, 48192, 0
1730775600, 51013, 0
1730779200, 47826, 0
1730782800, 50659, 0
1730786400, 51264, 0
1730790000, 57726, 0
1730793600, 49515, 2
1730797200, 50325, 1
1730800800, 49762, 0
1730804400, 51316, 0
1730808000, 43924, 0
1730811600, 48247, 0
1730815200, 46047, 1
1730818800, 47108, 0
1730822400, 41640, 1
1730826000, 39920, 0
1730829600, 39812, 0
1730833200, 39363, 0
1730836800, 38048, 0
1730840400, 45267, 0
1730844000, 36955, 1
1730847600, 52383, 0
1730851200, 45396, 0
1730854800, 49825, 0
1730858400, 48458, 0
1730862000, 45531, 0
1730865600, 42421, 0
1730869200, 42334, 0
1730872800, 45134, 0
1730876400, 41008, 0
1730880000, 43778, 0
1730883600, 43812, 0
1730887200, 42268, 0
1730890800, 40888, 0
1730894400, 43787, 0
1730898000, 41823, 0
1730901600, 36863, 0
1730905200, 39275, 1
1730908800, 39102, 0
1730912400, 38949, 0
1730916000, 36482, 0
1730919600, 35357, 0
1730923200, 36367, 0
1730926800, 38680, 2
1730930400, 35104, 1
1730934000, 50731, 0
1730937600, 39966, 0
1730941200, 40850, 0
1730944800, 45037, 0
1730948400, 45587, 0
1730952000, 40716, 0
1730955600, 42694, 0
1730959200, 44669, 0
1730962800, 46626, 0
1730966400, 46134, 0
1730970000, 45807, 2
1730973600, 51891, 1
1730977200, 53423, 0
1730980800, 46207, 0
1730984400, 46677, 0
1730988000, 42095, 1
1730991600, 51182, 0
1730995200, 53349, 0
1730998800, 55639, 0
1731002400, 43922, 0
1731006000, 39283, 0
1731009600, 42432, 2
1731013200, 45028, 0
1731016800, 43216, 0
1731020400, 58112, 0
1731024000, 49757, 0
1731027600, 48494, 0
1731031200, 47485, 0
1731034800, 49724, 0
1731038400, 45098, 1
1731042000, 44411, 0
1731045600, 46248, 0
1731049200, 43541, 0
1731052800, 40438, 0
1731056400, 46969, 0
1731060000, 44590, 0
1731063600, 42989, 0
1731067200, 42023, 0
1731070800, 41655, 0
1731074400, 36744, 0
1731078000, 42512, 0
1731081600, 40194, 0
1731085200, 38886, 0
1731088800, 37164, 0
1731092400, 34860, 0
1731096000, 33144, 0
1731099600, 41410, 0
1731103200, 39204, 0
1731106800, 59463, 0
1731110400, 49683, 0
1731114000, 47877, 0
1731117600, 51391, 1
1731121200, 53579, 0
1731124800, 41725, 0
1731128400, 40682, 0
1731132000, 43403, 0
1731135600, 42878, 0
1731139200, 43372, 0
1731142800, 42809, 0
1731146400, 44284, 0
1731150000, 43805, 0
1731153600, 40887, 1
1731157200, 41157, 1
1731160800, 37757, 1
1731164400, 45461, 0
1731168000, 41684, 0
1731171600, 40659, 0
1731175200, 48172, 0
1731178800, 36036, 0
1731182400, 33937, 0
1731186000, 37726, 0
1731189600, 37471, 0
1731193200, 57917, 0
1731196800, 45603, 0
1731200400, 46937, 0
1731204000, 47338, 0
1731207600, 41647, 0
1731211200, 41049, 0
1731214800, 47974, 0
1731218400, 44161, 0
1731222000, 47525, 0
1731225600, 45931, 0
1731229200, 46107, 0
1731232800, 43480, 3
1731236400, 46105, 0
1731240000, 41920, 0
1731243600, 42501, 0
1731247200, 38806, 0
1731250800, 44887, 0
1731254400, 45158, 0
1731258000, 45456, 0
1731261600, 36048, 0
1731265200, 35669, 0
1731268800, 34772, 0
1731272400, 40711, 0
1731276000, 35198, 0
1731279600, 46999, 0
1731283200, 46592, 0
1731286800, 46172, 0
1731290400, 48510, 0
1731294000, 49857, 0
1731297600, 42688, 0
1731301200, 44920, 0
1731304800, 45019, 0
1731308400, 47082, 0
1731312000, 41832, 0
1731315600, 43166, 0
1731319200, 38572, 0
1731322800, 40753, 0
1731326400, 36521, 0
1731330000, 38303, 0
1731333600, 36789, 0
1731337200, 41676, 0
1731340800, 37067, 0
1731344400, 37453, 0
1731348000, 35553, 0
1731351600, 35522, 0
1731355200, 35164, 0
1731358800, 38135, 0
1731362400, 32054, 0
1731366000, 44452, 0
1731369600, 42716, 0
1731373200, 38392, 0
1731376800, 41637, 0
1731380400, 41478, 0
1731384000, 34155, 0
1731387600, 38516, 0
1731391200, 43628, 0
1731394800, 45346, 0
1731398400, 41752, 0
1731402000, 43540, 0
1731405600, 42118, 0
1731409200, 42155, 0
1731412800, 41223, 1
1731416400, 48157, 1
1731420000, 45358, 0
1731423600, 49928, 0
1731427200, 45199, 0
1731430800, 47256, 2
1731434400, 44319, 0
1731438000, 40318, 0
1731441600, 37609, 0
1731445200, 43458, 0
1731448800, 36451, 0
1731452400, 46324, 0
1731456000, 46688, 0
1731459600, 42556, 0
1731463200, 41547, 0
1731466800, 40481, 0
1731470400, 38434, 0
1731474000, 41925, 0
1731477600, 41898, 0
1731481200, 39970, 0
1731484800, 40078, 0
1731488400, 39197, 0
1731492000, 37899, 0
1731495600, 39800, 0
1731499200, 36249, 0
1731502800, 42017, 0
1731506400, 37586, 0
1731510000, 38637, 0
1731513600, 38362, 0
1731517200, 35908, 0
1731520800, 33581, 0
1731524400, 33633, 1
1731528000, 34463, 0
1731531600, 37950, 0
1731535200, 31954, 0
1731538800, 48450, 0
1731542400, 43003, 0
1731546000, 40711, 0
1731549600, 42120, 0
1731553200, 43013, 1
1731556800, 42704, 0
1731560400, 42639, 0
1731564000, 41368, 0
1731567600, 43075, 0
1731571200, 40782, 0
1731574800, 44377, 0
1731578400, 40749, 0
1731582000, 42438, 0
1731585600, 39396, 0
1731589200, 61626, 0
1731592800, 43173, 0
1731596400, 45071, 0
1731600000, 41205, 0
1731603600, 40962, 0
1731607200, 34538, 0
1731610800, 38401, 0
1731614400, 39952, 2
1731618000, 40877, 0
1731621600, 35798, 0
1731625200, 49156, 1
1731628800, 46849, 2
1731632400, 45223, 1
1731636000, 43822, 0
1731639600, 53191, 0
1731643200, 43354, 0
1731646800, 42864, 1
1731650400, 40567, 0
1731654000, 40281, 1
1731657600, 38794, 0
1731661200, 47476, 0
1731664800, 41043, 1
1731668400, 40674, 0
1731672000, 40776, 0
1731675600, 40568, 0
1731679200, 37176, 1
1731682800, 41934, 0
1731686400, 36568, 0
1731690000, 36326, 1
1731693600, 33483, 0
1731697200, 34890, 0
1731700800, 34568, 0
1731704400, 37829, 0
1731708000, 31540, 0
1731711600, 44837, 0
1731715200, 40404, 1
1731718800, 39161, 0
1731722400, 38806, 0
1731726000, 41370, 1
1731729600, 37854, 0
1731733200, 40529, 0
1731736800, 42350, 0
1731740400, 41346, 0
1731744000, 41063, 1
1731747600, 40908, 0
1731751200, 37801, 0
1731754800, 37587, 0
1731758400, 36098, 0
1731762000, 35423, 0
1731765600, 33703, 0
1731769200, 41542, 0
1731772800, 44097, 0
1731776400, 42668, 0
1731780000, 38090, 0
1731783600, 39606, 1
1731787200, 37943, 0
1731790800, 44334, 0
1731794400, 37796, 0
1731798000, 45574, 0
1731801600, 46022, 0
1731805200, 46219, 0
1731808800, 45266, 2
1731812400, 42061, 0
1731816000, 41077, 0
1731819600, 40402, 0
1731823200, 42016, 0
1731826800, 41452, 0
1731830400, 39196, 0
1731834000, 42523, 1
1731837600, 38775, 0
1731841200, 39095, 0
1731844800, 37526, 0
1731848400, 38489, 0
1731852000, 36681, 0
1731855600, 43771, 0
1731859200, 41466, 0
1731862800, 42432, 0
1731866400, 38474, 0
1731870000, 37740, 0
1731873600, 36195, 0
1731877200, 41626, 0
1731880800, 37186, 0
1731884400, 48947, 0
1731888000, 46698, 0
1731891600, 43251, 0
1731895200, 43583, 0
1731898800, 42466, 0
1731902400, 39429, 0
1731906000, 41006, 0
1731909600, 41171, 0
1731913200, 43062, 0
1731916800, 40246, 0
1731920400, 39913, 0
1731924000, 37397, 0
1731927600, 36884, 0
1731931200, 35314, 0
1731934800, 38440, 0
1731938400, 36632, 1
1731942000, 41525, 1
1731945600, 38781, 2
1731949200, 37096, 1
1731952800, 33691, 0
1731956400, 35166, 1
1731960000, 36379, 1
1731963600, 43666, 0
1731967200, 39941, 0
1731970800, 49400, 0
1731974400, 44872, 0
1731978000, 47906, 0
1731981600, 45909, 1
1731985200, 41254, 0
1731988800, 37773, 0
1731992400, 44366, 0
1731996000, 42949, 0
1731999600, 42088, 0
1732003200, 39146, 1
1732006800, 40109, 0
1732010400, 37677, 1
1732014000, 42929, 2
1732017600, 41894, 0
1732021200, 40962, 0
1732024800, 37602, 0
1732028400, 41478, 0
1732032000, 40064, 0
1732035600, 40091, 0
1732039200, 39209, 0
1732042800, 37951, 0
1732046400, 35591, 0
1732050000, 40096, 1
1732053600, 36140, 0
1732057200, 44164, 1
1732060800, 44148, 0
1732064400, 43322, 0
1732068000, 40591, 3
1732071600, 44408, 0
1732075200, 42407, 0
1732078800, 43677, 0
1732082400, 48660, 0
1732086000, 46179, 0
1732089600, 43567, 0
1732093200, 45351, 1
1732096800, 42549, 1
1732100400, 43989, 0
1732104000, 42311, 0
1732107600, 44762, 0
1732111200, 40939, 1
1732114800, 44858, 1
1732118400, 41941, 1
1732122000, 42488, 1
1732125600, 34324, 1
1732129200, 36548, 0
1732132800, 38106, 0
1732136400, 40108, 1
1732140000, 37462, 1
1732143600, 52907, 2
1732147200, 49597, 4
1732150800, 49649, 3
1732154400, 45705, 0
1732158000, 38800, 0
1732161600, 39006, 0
1732165200, 44428, 0
1732168800, 44266, 0
1732172400, 42870, 0
1732176000, 41104, 0
1732179600, 41663, 0
1732183200, 45417, 0
1732186800, 53006, 1
1732190400, 45326, 0
1732194000, 52363, 0
1732197600, 42731, 1
1732201200, 45404, 0
1732204800, 42453, 0
1732208400, 45294, 1
1732212000, 39970, 0
1732215600, 36797, 1
1732219200, 38716, 0
1732222800, 41655, 0
1732226400, 39565, 0
1732230000, 48923, 0
1732233600, 46138, 0
1732237200, 49739, 0
1732240800, 43664, 0
1732244400, 39521, 0
1732248000, 35401, 0
1732251600, 42005, 0
1732255200, 41161, 1
1732258800, 37254, 0
1732262400, 34429, 0
1732266000, 36358, 0
1732269600, 35082, 1
1732273200, 41356, 0
1732276800, 34713, 0
1732280400, 35756, 0
1732284000, 31855, 1
1732287600, 39110, 0
1732291200, 41796, 0
1732294800, 41757, 1
1732298400, 39273, 0
1732302000, 38388, 0
1732305600, 38852, 0
1732309200, 45796, 0
1732312800, 38555, 0
1732316400, 49969, 0
1732320000, 49771, 1
1732323600, 51087, 0
1732327200, 47403, 2
1732330800, 47129, 1
1732334400, 44672, 1
1732338000, 46015, 0
1732341600, 47019, 0
1732345200, 44001, 0
1732348800, 42126, 0
1732352400, 45529, 0
1732356000, 44773, 0
1732359600, 45277, 0
1732363200, 43334, 0
1732366800, 43316, 0
1732370400, 42379, 0
1732374000, 45605, 0
1732377600, 45388, 0
1732381200, 41347, 0
1732384800, 39155, 0
1732388400, 40250, 0
1732392000, 41494, 0
1732395600, 42609, 1
1732399200, 39389, 0
1732402800, 50804, 1
1732406400, 49397, 0
1732410000, 52772, 0
1732413600, 50871, 0
1732417200, 50818, 1
1732420800, 49132, 0
1732424400, 49694, 0
1732428000, 50510, 0
1732431600, 48125, 5
1732435200, 47847, 5
1732438800, 51382, 4
1732442400, 48197, 1
1732446000, 49211, 4
1732449600, 47476, 2
1732453200, 47758, 0
1732456800, 46527, 2
1732460400, 49707, 1
1732464000, 46741, 0
1732467600, 44521, 1
1732471200, 40607, 1
1732474800, 42445, 0
1732478400, 42413, 1
1732482000, 41807, 0
1732485600, 35798, 2
1732489200, 49487, 5
1732492800, 48388, 11
1732496400, 52247, 8
1732500000, 45707, 12
1732503600, 48860, 13
1732507200, 45881, 26
1732510800, 49098, 34
1732514400, 51601, 21
1732518000, 48990, 7
1732521600, 44861, 1
1732525200, 46542, 0
1732528800, 45633, 3
1732532400, 45948, 0
1732536000, 42045, 0
1732539600, 42009, 0
1732543200, 41308, 0
1732546800, 43907, 0
1732550400, 42899, 0
1732554000, 42818, 0
1732557600, 38870, 0
1732561200, 39425, 2
1732564800, 37771, 1
1732568400, 40777, 0
1732572000, 33124, 0
1732575600, 47851, 0
1732579200, 45586, 0
1732582800, 48427, 0
1732586400, 43492, 0
1732590000, 44545, 0
1732593600, 39083, 1
1732597200, 41894, 0
1732600800, 40504, 0
1732604400, 40568, 0
1732608000, 38800, 0
1732611600, 42054, 0
1732615200, 39735, 0
1732618800, 39844, 1
1732622400, 36882, 0
1732626000, 37709, 1
1732629600, 34913, 0
1732633200, 38531, 0
1732636800, 36239, 0
1732640400, 43617, 1
1732644000, 32331, 1
1732647600, 37338, 0
1732651200, 36567, 0
1732654800, 35914, 0
1732658400, 36764, 0
1732662000, 48032, 0
1732665600, 49896, 1
1732669200, 50907, 0
1732672800, 42422, 0
1732676400, 50267, 0
1732680000, 44944, 0
1732683600, 47831, 0
1732687200, 47698, 0
1732690800, 47844, 0
1732694400, 38683, 0
1732698000, 39367, 0
1732701600, 36737, 0
1732705200, 43626, 0
1732708800, 40317, 0
1732712400, 43505, 0
1732716000, 37490, 0
1732719600, 40446, 0
1732723200, 37594, 0
1732726800, 37627, 0
1732730400, 36095, 0
1732734000, 32462, 0
1732737600, 37413, 0
1732741200, 42165, 1
1732744800, 36041, 0
1732748400, 42286, 1
1732752000, 45328, 0
1732755600, 47251, 0
1732759200, 46804, 0
1732762800, 47187, 0
1732766400, 42099, 0
1732770000, 40704, 0
1732773600, 46705, 0
1732777200, 42945, 0
1732780800, 41193, 0
1732784400, 45691, 0
1732788000, 43333, 0
1732791600, 44491, 0
1732795200, 43997, 0
1732798800, 50341, 0
1732802400, 43434, 0
1732806000, 47328, 0
1732809600, 43078, 0
1732813200, 40125, 0
1732816800, 39927, 0
1732820400, 36689, 0
1732824000, 38546, 0
1732827600, 39135, 0
1732831200, 34348, 0
1732834800, 44137, 0
1732838400, 45355, 0
1732842000, 42956, 0
1732845600, 41508, 0
1732849200, 40906, 0
1732852800, 37779, 0
1732856400, 36909, 0
1732860000, 36192, 0
1732863600, 35306, 0
1732867200, 35862, 0
1732870800, 37886, 0
1732874400, 37157, 0
1732878000, 35843, 0
1732881600, 35349, 0
1732885200, 41205, 0
1732888800, 36628, 0
1732892400, 40751, 0
1732896000, 36236, 0
1732899600, 37000, 0
1732903200, 32189, 0
1732906800, 34333, 0
1732910400, 38728, 0
1732914000, 43198, 0
1732917600, 38933, 0
1732921200, 50070, 0
1732924800, 46359, 0
1732928400, 45021, 0
1732932000, 43848, 0
1732935600, 44416, 0
1732939200, 36636, 0
1732942800, 39872, 0
1732946400, 40060, 0
1732950000, 38276, 0
1732953600, 40525, 0
1732957200, 41060, 0
1732960800, 38319, 0
1732964400, 39116, 0
1732968000, 39135, 0
1732971600, 40194, 0
1732975200, 36922, 0
1732978800, 42629, 0
1732982400, 39404, 0
1732986000, 35147, 0
1732989600, 36049, 0
1732993200, 38238, 0
1732996800, 36848, 0
1733000400, 36803, 0
1733004000, 37906, 0
1733007600, 45951, 0
1733011200, 44297, 0
1733014800, 43268, 0
1733018400, 40904, 0
1733022000, 42172, 0
1733025600, 43009, 0
1733029200, 44958, 0
1733032800, 44361, 0
1733036400, 41063, 0
1733040000, 42391, 0
1733043600, 42248, 0
1733047200, 40720, 0
1733050800, 42093, 0
1733054400, 42508, 0
1733058000, 44231, 0
1733061600, 41621, 0
1733065200, 46645, 1
1733068800, 41955, 0
1733072400, 39354, 0
1733076000, 36667, 0
1733079600, 39865, 0
1733083200, 38819, 0
1733086800, 40430, 0
1733090400, 37606, 0
1733094000, 48578, 0
1733097600, 45414, 0
1733101200, 44680, 0
1733104800, 43509, 1
1733108400, 43599, 0
1733112000, 42466, 0
1733115600, 45276, 0
1733119200, 45613, 0
1733122800, 43744, 0
1733126400, 45336, 0
1733130000, 42945, 0
1733133600, 40563, 0
1733137200, 43298, 0
1733140800, 43498, 1
1733144400, 39038, 0
1733148000, 40845, 0
1733151600, 44189, 0
1733155200, 39570, 0
1733158800, 35537, 0
1733162400, 34826, 0
1733166000, 35081, 0
1733169600, 33985, 0
1733173200, 39962, 0
1733176800, 37168, 0
1733180400, 43768, 0
1733184000, 43614, 0
1733187600, 44602, 2
1733191200, 44544, 0
1733194800, 44356, 0
1733198400, 43059, 0
1733202000, 48522, 0
1733205600, 48369, 0
1733209200, 46636, 7
1733212800, 46627, 5
1733216400, 44627, 2
1733220000, 40999, 4
1733223600, 42716, 2
1733227200, 40301, 1
1733230800, 42360, 2
1733234400, 37935, 0
1733238000, 43717, 0
1733241600, 40517, 2
1733245200, 35492, 0
1733248800, 34708, 0
1733252400, 32355, 2
1733256000, 33780, 0
1733259600, 37011, 2
1733263200, 34175, 3
1733266800, 42924, 6
1733270400, 42849, 7
1733274000, 41054, 9
1733277600, 40750, 8
1733281200, 40973, 6
1733284800, 40153, 7
1733288400, 41523, 9
1733292000, 42408, 1
1733295600, 44025, 0
1733299200, 40277, 2
1733302800, 40200, 0
1733306400, 37448, 0
1733310000, 38603, 1
1733313600, 40990, 1
1733317200, 40826, 0
1733320800, 34417, 0
1733324400, 41981, 5
1733328000, 42208, 1
1733331600, 42383, 0
1733335200, 37849, 0
1733338800, 35999, 0
1733342400, 36910, 0
1733346000, 39205, 0
1733349600, 34803, 0
1733353200, 43215, 0
1733356800, 41269, 0
1733360400, 38770, 0
1733364000, 37173, 0
1733367600, 36158, 0
1733371200, 35399, 0
1733374800, 39112, 0
1733378400, 39154, 0
1733382000, 38528, 0
1733385600, 37719, 3
1733389200, 39687, 0
1733392800, 35630, 0
1733396400, 37339, 0
1733400000, 35965, 0
1733403600, 37604, 0
1733407200, 35416, 0
1733410800, 39489, 0
1733414400, 42039, 0
1733418000, 40732, 2
1733421600, 32167, 0
1733425200, 31127, 0
1733428800, 32728, 0
1733432400, 36100, 0
1733436000, 32075, 2
1733439600, 40299, 0
1733443200, 39140, 0
1733446800, 39726, 0
1733450400, 36720, 0
1733454000, 36432, 0
1733457600, 34508, 1
1733461200, 37188, 0
1733464800, 36915, 0
1733468400, 35704, 0
1733472000, 35659, 1
1733475600, 36854, 0
1733479200, 34982, 0
1733482800, 34506, 0
1733486400, 34399, 0
1733490000, 37571, 0
1733493600, 35558, 0
1733497200, 38015, 0
1733500800, 33347, 0
1733504400, 35363, 0
1733508000, 39458, 1
1733511600, 38514, 0
1733515200, 39240, 0
1733518800, 43125, 0
1733522400, 37221, 0
1733526000, 49661, 0
1733529600, 46805, 0
1733533200, 45564, 0
1733536800, 44061, 0
1733540400, 46065, 0
1733544000, 43046, 0
1733547600, 41349, 1
1733551200, 39632, 0
1733554800, 36666, 0
1733558400, 41283, 0
1733562000, 37417, 0
1733565600, 37981, 0
1733569200, 38325, 0
1733572800, 37443, 0
1733576400, 38299, 0
1733580000, 35651, 0
1733583600, 38919, 0
1733587200, 36045, 0
1733590800, 36067, 0
1733594400, 34333, 0
1733598000, 34618, 0
1733601600, 30541, 0
1733605200, 35162, 0
1733608800, 31042, 0
1733612400, 41769, 0
1733616000, 40535, 0
1733619600, 40371, 0
1733623200, 39143, 0
1733626800, 38832, 0
1733630400, 37101, 0
1733634000, 38267, 0
1733637600, 40838, 0
1733641200, 40870, 0
1733644800, 38312, 0
1733648400, 37796, 0
1733652000, 36690, 0
1733655600, 40362, 0
1733659200, 41669, 0
1733662800, 40742, 0
1733666400, 38123, 0
1733670000, 40473, 0
1733673600, 34809, 0
1733677200, 34334, 0
1733680800, 33485, 0
1733684400, 32178, 0
1733688000, 32696, 0
1733691600, 35514, 0
1733695200, 31411, 0
1733698800, 42886, 0
1733702400, 40852, 0
1733706000, 41340, 0
1733709600, 39998, 0
1733713200, 38999, 0
1733716800, 38427, 0
1733720400, 40705, 0
1733724000, 40401, 0
1733727600, 40316, 0
1733731200, 41924, 1
1733734800, 43502, 0
1733738400, 40634, 0
1733742000, 39106, 0
1733745600, 37853, 0
1733749200, 38606, 0
1733752800, 37087, 0
1733756400, 38028, 0
1733760000, 33401, 0
1733763600, 32117, 0
1733767200, 30810, 0
1733770800, 29327, 1
1733774400, 29093, 0
1733778000, 32458, 0
1733781600, 29434, 0
1733785200, 40365, 0
1733788800, 38555, 0
1733792400, 36450, 0
1733796000, 34854, 0
1733799600, 35130, 0
1733803200, 32710, 0
1733806800, 35477, 0
1733810400, 37287, 0
1733814000, 37982, 0
1733817600, 39003, 0
1733821200, 39269, 2
1733824800, 34755, 0
1733828400, 34382, 0
1733832000, 34007, 0
1733835600, 33854, 0
1733839200, 33199, 0
1733842800, 40802, 0
1733846400, 36252, 0
1733850000, 35282, 0
1733853600, 34106, 0
1733857200, 32968, 0
1733860800, 32549, 0
1733864400, 36294, 0
1733868000, 31445, 0
1733871600, 40637, 0
1733875200, 40688, 0
1733878800, 40276, 1
1733882400, 39500, 0
1733886000, 38995, 0
1733889600, 35865, 0
1733893200, 38199, 0
1733896800, 39654, 0
1733900400, 39398, 0
1733904000, 42896, 0
1733907600, 42244, 0
1733911200, 40931, 0
1733914800, 41828, 0
1733918400, 42417, 0
1733922000, 42933, 0
1733925600, 41379, 0
1733929200, 43215, 0
1733932800, 38422, 0
1733936400, 38145, 0
1733940000, 36524, 0
1733943600, 36465, 0
1733947200, 35573, 0
1733950800, 38242, 0
1733954400, 35403, 0
1733958000, 43709, 0
1733961600, 39850, 0
1733965200, 39596, 0
1733968800, 39390, 0
1733972400, 39234, 0
1733976000, 38263, 0
1733979600, 39686, 0
1733983200, 44557, 0
1733986800, 47239, 0
1733990400, 46243, 0
1733994000, 47054, 1
1733997600, 42371, 1
1734001200, 43959, 0
1734004800, 43923, 0
1734008400, 41274, 0
1734012000, 42173, 0
1734015600, 44508, 0
1734019200, 40584, 0
1734022800, 42331, 0
1734026400, 37001, 0
1734030000, 38295, 0
1734033600, 38032, 0
1734037200, 41462, 0
1734040800, 34573, 0
1734044400, 43572, 0
1734048000, 41911, 0
1734051600, 40811, 0
1734055200, 39318, 0
1734058800, 39020, 0
1734062400, 36759, 0
1734066000, 39264, 0
1734069600, 39714, 0
1734073200, 39526, 0
1734076800, 42120, 0
1734080400, 42016, 0
1734084000, 37102, 0
1734087600, 39560, 0
1734091200, 38623, 0
1734094800, 37771, 0
1734098400, 37054, 0
1734102000, 37809, 0
1734105600, 32902, 0
1734109200, 33352, 0
1734112800, 32590, 0
1734116400, 30942, 0
1734120000, 30871, 0
1734123600, 37674, 0
1734127200, 32348, 0
1734130800, 45709, 0
1734134400, 43129, 0
1734138000, 41868, 0
1734141600, 41306, 0
1734145200, 41484, 0
1734148800, 37637, 0
1734152400, 38933, 0
1734156000, 39693, 0
1734159600, 39137, 0
1734163200, 39249, 0
1734166800, 38762, 0
1734170400, 35036, 0
1734174000, 36837, 0
1734177600, 36682, 0
1734181200, 39588, 0
1734184800, 38345, 1
1734188400, 42668, 0
1734192000, 41625, 0
1734195600, 39288, 0
1734199200, 37513, 0
1734202800, 35065, 0
1734206400, 27056, 0
1734210000, 31198, 0
1734213600, 28463, 0
1734217200, 38068, 0
1734220800, 37395, 0
1734224400, 35459, 0
1734228000, 35500, 0
1734231600, 32005, 0
1734235200, 32560, 0
1734238800, 36869, 0
1734242400, 39339, 0
1734246000, 39076, 0
1734249600, 40546, 0
1734253200, 38416, 0
1734256800, 35509, 0
1734260400, 37341, 0
1734264000, 35945, 0
1734267600, 36994, 0
1734271200, 34194, 1
1734274800, 35858, 0
1734278400, 32976, 0
1734282000, 31292, 0
1734285600, 31464, 0
1734289200, 34720, 0
1734292800, 33275, 0
1734296400, 41067, 0
1734300000, 37421, 0
1734303600, 41674, 1
1734307200, 41215, 0
1734310800, 44231, 1
1734314400, 43452, 0
1734318000, 43530, 0
1734321600, 41787, 0
1734325200, 44029, 0
1734328800, 45307, 0
1734332400, 45696, 0
1734336000, 45853, 0
1734339600, 42669, 0
1734343200, 38073, 0
1734346800, 39283, 0
1734350400, 39129, 0
1734354000, 38543, 0
1734357600, 35192, 0
1734361200, 39632, 0
1734364800, 36389, 0
1734368400, 34374, 0
1734372000, 34249, 0
1734375600, 31219, 0
1734379200, 31625, 1
1734382800, 32215, 0
1734386400, 31288, 0
1734390000, 37076, 0
1734393600, 36254, 0
1734397200, 35128, 0
1734400800, 37150, 0
1734404400, 37327, 0
1734408000, 32859, 0
1734411600, 34097, 0
1734415200, 35557, 0
1734418800, 34589, 0
1734422400, 33300, 0
1734426000, 34516, 0
1734429600, 32160, 0
1734433200, 33522, 0
1734436800, 33650, 0
1734440400, 32710, 0
1734444000, 31056, 0
1734447600, 35218, 0
1734451200, 30875, 0
1734454800, 32056, 0
1734458400, 31932, 0
1734462000, 32070, 0
1734465600, 28523, 1
1734469200, 35936, 0
1734472800, 30359, 0
1734476400, 37343, 0
1734480000, 36196, 0
1734483600, 38673, 0
1734487200, 38616, 0
1734490800, 40198, 0
1734494400, 35749, 0
1734498000, 36780, 0
1734501600, 37362, 0
1734505200, 37733, 0
1734508800, 37434, 0
1734512400, 37270, 0
1734516000, 35516, 0
1734519600, 34545, 0
1734523200, 34854, 0
1734526800, 35712, 0
1734530400, 33541, 0
1734534000, 36533, 0
1734537600, 34557, 0
1734541200, 34907, 0
1734544800, 32835, 0
1734548400, 31640, 0
1734552000, 33765, 0
1734555600, 38468, 0
1734559200, 34711, 0
1734562800, 42035, 0
1734566400, 41279, 0
1734570000, 41054, 0
1734573600, 40176, 0
1734577200, 40515, 0
1734580800, 38265, 0
1734584400, 38345, 0
1734588000, 41376, 0
1734591600, 41098, 0
1734595200, 38516, 0
1734598800, 40849, 0
1734602400, 37495, 0
1734606000, 40513, 0
1734609600, 39571, 0
1734613200, 50437, 0
1734616800, 47707, 0
1734620400, 52223, 0
1734624000, 47979, 0
1734627600, 41176, 0
1734631200, 34557, 0
1734634800, 32838, 0
1734638400, 32617, 0
1734642000, 35966, 0
1734645600, 30507, 0
1734649200, 38244, 1
1734652800, 39448, 1
1734656400, 38102, 0
1734660000, 36864, 0
1734663600, 38344, 0
1734667200, 36933, 0
1734670800, 38224, 0
1734674400, 40676, 0
1734678000, 39440, 1
1734681600, 38344, 0
1734685200, 40237, 0
1734688800, 34637, 0
1734692400, 35379, 0
1734696000, 32664, 0
1734699600, 34411, 0
1734703200, 31623, 0
1734706800, 36833, 0
1734710400, 33912, 0
1734714000, 33513, 0
1734717600, 31253, 0
1734721200, 31566, 0
1734724800, 33331, 0
1734728400, 36463, 0
1734732000, 31739, 0
1734735600, 41059, 0
1734739200, 39378, 0
1734742800, 39577, 0
1734746400, 37939, 0
1734750000, 37014, 0
1734753600, 34717, 0
1734757200, 37319, 0
1734760800, 38883, 0
1734764400, 39809, 0
1734768000, 37546, 0
1734771600, 37260, 0
1734775200, 38127, 0
1734778800, 37635, 0
1734782400, 35617, 0
1734786000, 36736, 0
1734789600, 35256, 0
1734793200, 38382, 0
1734796800, 36477, 0
1734800400, 38159, 0
1734804000, 36682, 0
1734807600, 36798, 0
1734811200, 37549, 0
1734814800, 40260, 0
1734818400, 34683, 0
1734822000, 42097, 0
1734825600, 40692, 0
1734829200, 38250, 0
1734832800, 37096, 0
1734836400, 37295, 0
1734840000, 36428, 0
1734843600, 37476, 0
1734847200, 40059, 0
1734850800, 39303, 0
1734854400, 37772, 0
1734858000, 37947, 0
1734861600, 36090, 0
1734865200, 37828, 0
1734868800, 36610, 1
1734872400, 36413, 0
1734876000, 36220, 0
1734879600, 39802, 0
1734883200, 36980, 0
1734886800, 34799, 0
1734890400, 33732, 0
1734894000, 33269, 0
1734897600, 33630, 0
1734901200, 37617, 0
1734904800, 34878, 0
1734908400, 42577, 0
1734912000, 39819, 0
1734915600, 39816, 0
1734919200, 38113, 0
1734922800, 38768, 0
1734926400, 37188, 0
1734930000, 39996, 0
1734933600, 40505, 0
1734937200, 41032, 0
1734940800, 39629, 0
1734944400, 40540, 0
1734948000, 38230, 0
1734951600, 43647, 0
1734955200, 43733, 0
1734958800, 50068, 0
1734962400, 46251, 0
1734966000, 43547, 0
1734969600, 40526, 0
1734973200, 44055, 0
1734976800, 44454, 0
1734980400, 45484, 0
1734984000, 42544, 0
1734987600, 45983, 1
1734991200, 43794, 0
1734994800, 51340, 0
1734998400, 50421, 1
1735002000, 48510, 0
1735005600, 48124, 0
1735009200, 47545, 0
1735012800, 45766, 0
1735016400, 47173, 0
1735020000, 48617, 1
1735023600, 47158, 0
1735027200, 48977, 0
1735030800, 48988, 0
1735034400, 47907, 0
1735038000, 46920, 0
1735041600, 45511, 0
1735045200, 43985, 0
1735048800, 43791, 0
1735052400, 50141, 1
1735056000, 43786, 0
1735059600, 42750, 0
1735063200, 41207, 0
1735066800, 36727, 0
1735070400, 40083, 1
1735074000, 37667, 0
1735077600, 33326, 0
1735081200, 42461, 0
1735084800, 41190, 0
1735088400, 40761, 0
1735092000, 39878, 0
1735095600, 39151, 0
1735099200, 39734, 0
1735102800, 39791, 0
1735106400, 38557, 0
1735110000, 39914, 3
1735113600, 40608, 0
1735117200, 39175, 0
1735120800, 36582, 0
1735124400, 38179, 0
1735128000, 36489, 0
1735131600, 37051, 0
1735135200, 35538, 0
1735138800, 38078, 0
1735142400, 34711, 0
1735146000, 35265, 0
1735149600, 33781, 0
1735153200, 32598, 0
1735156800, 32122, 0
1735160400, 36651, 0
1735164000, 32996, 1
1735167600, 24706, 0
1735171200, 39237, 0
1735174800, 23497, 0
1735178400, 36404, 3
1735182000, 38963, 0
1735185600, 39555, 0
1735189200, 38906, 0
1735192800, 37766, 0
1735196400, 37750, 1
1735200000, 40094, 0
1735203600, 37853, 0
1735207200, 31253, 0
1735210800, 36170, 1
1735214400, 35351, 0
1735218000, 35527, 0
1735221600, 32392, 0
1735225200, 33356, 0
1735228800, 33157, 0
1735232400, 35975, 0
1735236000, 33603, 0
1735239600, 21660, 0
1735243200, 33285, 0
1735246800, 34988, 0
1735250400, 32999, 0
1735254000, 45558, 0
1735257600, 42161, 0
1735261200, 42477, 0
1735264800, 41326, 0
1735268400, 39290, 0
1735272000, 37842, 0
1735275600, 36374, 0
1735279200, 38447, 0
1735282800, 39360, 0
1735286400, 37662, 0
1735290000, 38421, 0
1735293600, 36970, 0
1735297200, 34307, 0
1735300800, 33548, 1
1735304400, 35948, 0
1735308000, 31551, 0
1735311600, 33551, 0
1735315200, 32459, 0
1735318800, 32532, 0
1735322400, 34901, 0
1735326000, 37654, 0
1735329600, 40733, 0
1735333200, 44535, 0
1735336800, 39495, 0
1735340400, 46723, 0
1735344000, 45435, 0
1735347600, 44356, 0
1735351200, 45625, 0
1735354800, 42343, 1
1735358400, 41251, 0
1735362000, 44434, 0
1735365600, 44491, 0
1735369200, 45098, 0
1735372800, 42527, 0
1735376400, 44347, 0
1735380000, 41206, 0
1735383600, 40877, 1
1735387200, 40289, 0
1735390800, 38077, 0
1735394400, 34506, 0
1735398000, 38016, 0
1735401600, 40067, 0
1735405200, 39652, 0
1735408800, 40472, 0
1735412400, 40618, 0
1735416000, 39737, 0
1735419600, 40747, 0
1735423200, 37641, 0
1735426800, 46076, 1
1735430400, 46141, 0
1735434000, 46453, 0
1735437600, 46559, 0
1735441200, 46992, 0
1735444800, 45567, 0
1735448400, 47110, 0
1735452000, 47567, 0
1735455600, 46870, 0
1735459200, 47953, 0
1735462800, 47436, 0
1735466400, 43956, 0
1735470000, 43431, 0
1735473600, 42145, 0
1735477200, 44681, 0
1735480800, 41003, 0
1735484400, 55150, 0
1735488000, 46135, 1
1735491600, 42337, 0
1735495200, 40683, 0
1735498800, 39535, 0
1735502400, 39601, 0
1735506000, 41516, 0
1735509600, 36898, 0
1735513200, 48994, 0
1735516800, 47197, 0
1735520400, 46481, 0
1735524000, 46170, 0
1735527600, 46034, 0
1735531200, 44718, 0
1735534800, 45071, 1
1735538400, 47748, 0
1735542000, 46895, 0
1735545600, 47376, 1
1735549200, 45531, 0
1735552800, 44659, 0
1735556400, 46557, 0
1735560000, 44058, 0
1735563600, 46515, 0
1735567200, 41120, 0
1735570800, 46577, 0
1735574400, 39805, 0
1735578000, 39552, 0
1735581600, 37734, 0
1735585200, 38486, 0
1735588800, 35227, 0
1735592400, 39949, 0
1735596000, 35516, 1
1735599600, 45857, 0
1735603200, 45334, 0
1735606800, 45073, 1
1735610400, 45105, 0
1735614000, 46533, 2
1735617600, 44740, 0
1735621200, 46050, 0
1735624800, 43661, 0
1735628400, 45977, 1
1735632000, 48733, 0
1735635600, 46322, 0
1735639200, 44574, 0
1735642800, 45067, 0
1735646400, 43490, 1
1735650000, 45556, 0
1735653600, 45765, 0
1735657200, 49172, 0
1735660800, 46247, 0
1735664400, 42414, 0
1735668000, 39017, 0
1735671600, 38664, 0
1735675200, 37962, 0
1735678800, 41304, 0
1735682400, 39074, 0
1735686000, 46334, 0
1735689600, 46476, 0
1735693200, 44405, 0
1735696800, 42437, 0
1735700400, 41703, 0
1735704000, 40172, 0
1735707600, 42326, 0
1735711200, 41600, 0
1735714800, 43174, 0
1735718400, 42006, 0
1735722000, 43820, 0
1735725600, 41861, 2
1735729200, 40549, 0
1735732800, 40222, 0
1735736400, 48304, 0
1735740000, 44615, 0
1735743600, 45140, 0
1735747200, 42099, 0
1735750800, 40179, 0
1735754400, 36832, 0
1735758000, 36849, 0
1735761600, 38990, 0
1735765200, 45056, 0
1735768800, 37699, 0
1735772400, 47053, 1
1735776000, 45918, 0
1735779600, 45764, 0
1735783200, 45862, 0
1735786800, 44979, 0
1735790400, 42738, 0
1735794000, 45814, 0
1735797600, 45904, 0
1735801200, 47559, 0
1735804800, 47879, 0
1735808400, 43496, 0
1735812000, 43654, 0
1735815600, 41389, 0
1735819200, 41802, 0
1735822800, 41992, 1
1735826400, 39539, 0
1735830000, 43400, 0
1735833600, 40933, 0
1735837200, 46828, 0
1735840800, 54710, 0
1735844400, 48817, 0
1735848000, 49663, 0
1735851600, 51428, 0
1735855200, 47449, 0
1735858800, 53533, 0
1735862400, 52151, 0
1735866000, 50971, 0
1735869600, 50918, 0
1735873200, 51418, 0
1735876800, 49844, 0
1735880400, 53517, 0
1735884000, 54879, 0
1735887600, 54034, 0
1735891200, 53367, 0
1735894800, 53615, 0
1735898400, 50279, 0
1735902000, 50681, 0
1735905600, 49890, 0
1735909200, 53420, 0
1735912800, 46976, 0
1735916400, 51299, 0
1735920000, 45846, 0
1735923600, 43780, 0
1735927200, 41592, 0
1735930800, 40568, 0
1735934400, 40400, 0
1735938000, 45731, 0
1735941600, 40617, 0
1735945200, 49921, 0
1735948800, 49114, 0
1735952400, 49291, 0
1735956000, 49505, 0
1735959600, 48314, 0
1735963200, 49814, 0
1735966800, 53593, 0
1735970400, 51426, 0
1735974000, 50872, 0
1735977600, 45019, 1
1735981200, 40785, 0
1735984800, 42387, 0
1735988400, 41272, 0
1735992000, 40178, 0
1735995600, 39711, 0
1735999200, 37777, 0
1736002800, 40890, 0
1736006400, 41533, 0
1736010000, 36771, 0
1736013600, 34383, 0
1736017200, 33531, 0
1736020800, 35539, 0
1736024400, 46613, 0
1736028000, 36674, 0
1736031600, 47129, 0
1736035200, 46239, 0
1736038800, 46472, 1
1736042400, 46091, 0
1736046000, 44802, 0
1736049600, 47008, 0
1736053200, 47849, 1
1736056800, 49407, 0
1736060400, 51764, 1
1736064000, 57704, 0
1736067600, 52569, 0
1736071200, 51201, 1
1736074800, 49334, 0
1736078400, 45960, 0
1736082000, 46128, 0
1736085600, 43196, 1
1736089200, 46841, 2
1736092800, 45225, 0
1736096400, 41556, 0
1736100000, 38934, 0
1736103600, 39121, 0
1736107200, 39360, 0
1736110800, 43577, 0
1736114400, 45965, 0
1736118000, 51163, 0
1736121600, 46472, 0
1736125200, 47289, 0
1736128800, 44193, 2
1736132400, 44114, 1
1736136000, 43765, 0
1736139600, 47631, 0
1736143200, 49248, 0
1736146800, 49879, 0
1736150400, 50528, 0
1736154000, 47152, 0
1736157600, 46452, 0
1736161200, 46315, 0
1736164800, 46071, 1
1736168400, 44655, 0
1736172000, 43781, 0
1736175600, 48430, 0
1736179200, 45209, 0
1736182800, 44983, 0
1736186400, 44964, 0
1736190000, 45107, 0
1736193600, 43504, 0
1736197200, 49589, 1
1736200800, 44754, 0
1736204400, 53392, 0
1736208000, 49835, 0
1736211600, 48211, 0
1736215200, 47153, 0
1736218800, 51959, 0
1736222400, 49890, 0
1736226000, 56787, 0
1736229600, 60120, 0
1736233200, 57306, 0
1736236800, 59716, 0
1736240400, 56644, 0
1736244000, 56233, 0
1736247600, 56054, 0
1736251200, 55826, 0
1736254800, 56262, 0
1736258400, 51312, 0
1736262000, 55200, 0
1736265600, 51988, 0
1736269200, 51714, 0
1736272800, 51044, 2
1736276400, 46771, 0
1736280000, 50314, 0
1736283600, 57638, 0
1736287200, 50097, 0
1736290800, 60646, 1
1736294400, 59110, 0
1736298000, 59424, 0
1736301600, 57919, 1
1736305200, 57395, 0
1736308800, 55169, 1
1736312400, 59434, 0
1736316000, 61680, 0
1736319600, 60548, 0
1736323200, 60796, 0
1736326800, 61049, 0
1736330400, 55667, 0
1736334000, 56651, 0
1736337600, 54105, 0
1736341200, 53217, 0
1736344800, 49705, 0
1736348400, 50196, 0
1736352000, 49412, 0
1736355600, 53868, 0
1736359200, 53217, 0
1736362800, 49188, 0
1736366400, 47251, 0
1736370000, 52546, 0
1736373600, 44432, 0
1736377200, 54626, 0
1736380800, 52445, 0
1736384400, 59202, 0
1736388000, 49775, 0
1736391600, 48205, 0
1736395200, 55862, 0
1736398800, 60524, 0
1736402400, 63242, 0
1736406000, 64644, 0
1736409600, 64879, 0
1736413200, 66237, 0
1736416800, 58652, 0
1736420400, 58198, 0
1736424000, 60743, 0
1736427600, 55322, 1
1736431200, 48276, 0
1736434800, 48784, 0
1736438400, 44889, 0
1736442000, 47031, 0
1736445600, 44529, 0
1736449200, 44801, 0
1736452800, 51470, 0
1736456400, 53493, 0
1736460000, 48548, 0
1736463600, 57734, 0
1736467200, 57327, 0
1736470800, 57477, 0
1736474400, 54800, 1
1736478000, 54780, 2
1736481600, 50812, 0
1736485200, 53179, 0
1736488800, 55267, 0
1736492400, 55505, 0
1736496000, 52852, 0
1736499600, 50843, 0
1736503200, 48413, 0
1736506800, 47731, 0
1736510400, 50661, 0
1736514000, 51763, 0
1736517600, 51437, 0
1736521200, 61950, 0
1736524800, 51713, 0
1736528400, 51347, 0
1736532000, 46610, 0
1736535600, 47023, 0
1736539200, 47809, 0
1736542800, 52478, 0
1736546400, 46527, 0
1736550000, 58819, 0
1736553600, 53233, 0
1736557200, 56170, 0
1736560800, 56932, 0
1736564400, 59404, 0
1736568000, 52421, 0
1736571600, 56176, 0
1736575200, 60028, 0
1736578800, 54696, 0
1736582400, 57030, 1
1736586000, 53805, 1
1736589600, 52866, 0
1736593200, 53066, 0
1736596800, 50019, 0
1736600400, 54913, 1
1736604000, 51681, 0
1736607600, 55683, 0
1736611200, 52478, 0
1736614800, 49614, 0
1736618400, 47971, 0
1736622000, 49260, 0
1736625600, 48892, 1
1736629200, 53270, 0
1736632800, 53575, 0
1736636400, 65322, 0
1736640000, 59773, 0
1736643600, 63942, 0
1736647200, 61505, 0
1736650800, 62613, 0
1736654400, 59265, 0
1736658000, 63861, 0
1736661600, 64951, 0
1736665200, 64783, 0
1736668800, 66738, 0
1736672400, 65448, 0
1736676000, 62265, 1
1736679600, 60455, 0
1736683200, 58027, 2
1736686800, 80591, 0
1736690400, 58246, 0
1736694000, 60398, 0
1736697600, 55877, 0
1736701200, 52721, 1
1736704800, 51585, 0
1736708400, 50139, 0
1736712000, 46698, 1
1736715600, 53716, 0
1736719200, 46083, 1
1736722800, 60934, 0
1736726400, 58721, 0
1736730000, 59514, 0
1736733600, 55258, 0
1736737200, 67796, 0
1736740800, 57332, 0
1736744400, 60468, 2
1736748000, 61943, 0
1736751600, 60913, 0
1736755200, 60029, 0
1736758800, 67705, 0
1736762400, 67141, 0
1736766000, 59981, 0
1736769600, 64732, 0
1736773200, 62952, 0
1736776800, 54113, 0
1736780400, 57853, 0
1736784000, 55628, 0
1736787600, 55702, 0
1736791200, 52847, 0
1736794800, 54297, 0
1736798400, 49759, 0
1736802000, 55536, 0
1736805600, 49894, 0
1736809200, 55483, 0
1736812800, 53314, 0
1736816400, 60551, 0
1736820000, 57096, 0
1736823600, 55264, 0
1736827200, 54685, 1
1736830800, 59424, 0
1736834400, 59951, 0
1736838000, 41369, 0
1736841600, 39763, 0
1736845200, 62235, 0
1736848800, 60538, 0
1736852400, 60480, 0
1736856000, 46192, 0
1736859600, 55569, 0
1736863200, 53990, 1
1736866800, 56275, 0
1736870400, 48829, 1
1736874000, 47681, 0
1736877600, 43969, 0
1736881200, 41801, 0
1736884800, 45447, 0
1736888400, 48424, 0
1736892000, 43697, 0
1736895600, 55643, 0
1736899200, 52188, 1
1736902800, 53236, 0
1736906400, 51539, 0
1736910000, 51916, 0
1736913600, 55654, 0
1736917200, 57217, 0
1736920800, 59352, 1
1736924400, 59175, 0
1736928000, 62063, 1
1736931600, 58598, 1
1736935200, 56087, 0
1736938800, 58297, 0
1736942400, 53059, 1
1736946000, 54720, 1
1736949600, 52638, 1
1736953200, 53852, 0
1736956800, 52265, 0
1736960400, 52354, 0
1736964000, 46887, 0
1736967600, 44880, 1
1736971200, 48122, 0
1736974800, 51091, 0
1736978400, 46312, 0
1736982000, 55566, 0
1736985600, 52308, 0
1736989200, 51772, 1
1736992800, 49180, 0
1736996400, 50410, 0
1737000000, 50091, 0
1737003600, 50399, 0
1737007200, 52427, 2
1737010800, 52701, 0
1737014400, 56032, 0
1737018000, 54781, 0
1737021600, 51329, 1
1737025200, 53271, 0
1737028800, 50235, 0
1737032400, 50255, 0
1737036000, 50914, 0
1737039600, 51503, 0
1737043200, 48590, 0
1737046800, 52341, 0
1737050400, 55034, 0
1737054000, 55167, 0
1737057600, 57126, 0
1737061200, 60143, 0
1737064800, 53084, 1
1737068400, 63886, 0
1737072000, 58867, 0
1737075600, 56954, 0
1737079200, 60709, 0
1737082800, 60014, 0
1737086400, 59505, 0
1737090000, 59148, 0
1737093600, 59258, 0
1737097200, 59056, 0
1737100800, 58385, 0
1737104400, 59001, 1
1737108000, 58495, 0
1737111600, 57029, 0
1737115200, 55296, 0
1737118800, 56598, 1
1737122400, 57531, 0
1737126000, 58960, 0
1737129600, 57166, 0
1737133200, 56755, 0
1737136800, 52956, 0
1737140400, 52224, 0
1737144000, 51645, 9
1737147600, 58137, 0
1737151200, 51891, 1
1737154800, 66375, 0
1737158400, 60751, 0
1737162000, 58344, 0
1737165600, 58220, 0
1737169200, 56258, 1
1737172800, 54349, 0
1737176400, 57340, 0
1737180000, 61180, 0
1737183600, 56698, 1
1737187200, 57985, 0
1737190800, 59611, 1
1737194400, 58994, 0
1737198000, 56453, 0
1737201600, 55069, 0
1737205200, 57377, 0
1737208800, 52718, 0
1737212400, 50892, 0
1737216000, 49373, 0
1737219600, 46600, 0
1737223200, 44622, 0
1737226800, 41758, 0
1737230400, 43510, 0
1737234000, 46407, 0
1737237600, 43495, 0
1737241200, 53557, 0
1737244800, 51439, 0
1737248400, 52550, 0
1737252000, 52114, 2
1737255600, 50665, 0
1737259200, 50869, 0
1737262800, 54878, 0
1737266400, 57911, 0
1737270000, 56191, 0
1737273600, 56567, 0
1737277200, 61183, 1
1737280800, 55022, 0
1737284400, 54890, 0
1737288000, 53396, 0
1737291600, 52574, 0
1737295200, 50312, 0
1737298800, 54561, 0
1737302400, 53910, 0
1737306000, 51892, 0
1737309600, 51790, 0
1737313200, 47575, 0
1737316800, 53095, 0
1737320400, 56548, 0
1737324000, 49399, 0
1737327600, 62348, 0
1737331200, 55126, 0
1737334800, 58347, 0
1737338400, 55034, 0
1737342000, 57977, 0
1737345600, 55012, 0
1737349200, 56388, 0
1737352800, 58841, 0
1737356400, 57603, 0
1737360000, 61350, 0
1737363600, 57410, 1
1737367200, 56178, 0
1737370800, 53663, 1
1737374400, 51928, 0
1737378000, 47286, 0
1737381600, 38617, 0
1737385200, 49530, 0
1737388800, 46345, 0
1737392400, 47055, 0
1737396000, 43299, 0
1737399600, 42722, 0
1737403200, 42752, 0
1737406800, 48194, 2
1737410400, 44727, 0
1737414000, 54139, 1
1737417600, 51396, 0
1737421200, 53924, 0
1737424800, 53525, 0
1737428400, 51837, 0
1737432000, 50516, 0
1737435600, 56885, 1
1737439200, 53394, 0
1737442800, 54846, 0
1737446400, 57515, 0
1737450000, 53628, 0
1737453600, 49991, 1
1737457200, 51191, 0
1737460800, 49100, 0
1737464400, 46593, 0
1737468000, 47679, 0
1737471600, 49813, 0
1737475200, 45721, 0
1737478800, 48597, 0
1737482400, 43382, 0
1737486000, 42689, 0
1737489600, 43188, 0
1737493200, 49986, 0
1737496800, 45214, 0
1737500400, 52827, 0
1737504000, 49914, 0
1737507600, 49815, 0
1737511200, 48410, 0
1737514800, 48911, 0
1737518400, 46500, 0
1737522000, 48431, 0
1737525600, 50390, 0
1737529200, 50583, 0
1737532800, 51266, 0
1737536400, 48639, 1
1737540000, 51979, 0
1737543600, 53827, 0
1737547200, 50046, 0
1737550800, 46969, 0
1737554400, 44703, 0
1737558000, 52299, 1
1737561600, 46980, 1
1737565200, 47610, 0
1737568800, 45176, 0
1737572400, 44295, 0
1737576000, 44222, 1
1737579600, 52871, 0
1737583200, 46644, 0
1737586800, 60232, 0
1737590400, 55205, 0
1737594000, 54003, 0
1737597600, 51715, 1
1737601200, 52535, 2
1737604800, 52363, 2
1737608400, 57122, 1
1737612000, 55738, 4
1737615600, 61768, 0
1737619200, 56803, 0
1737622800, 55251, 2
1737626400, 53641, 0
1737630000, 55519, 1
1737633600, 52917, 6
1737637200, 54639, 0
1737640800, 53511, 1
1737644400, 55805, 1
1737648000, 54086, 0
1737651600, 51164, 0
1737655200, 48705, 0
1737658800, 47253, 1
1737662400, 49851, 1
1737666000, 53424, 2
1737669600, 49375, 0
1737673200, 52820, 0
1737676800, 50422, 1
1737680400, 52555, 3
1737684000, 50815, 28
1737687600, 48347, 26
1737691200, 48729, 23
1737694800, 51092, 31
1737698400, 49371, 34
1737702000, 47945, 22
1737705600, 48815, 0
1737709200, 49302, 0
1737712800, 47985, 0
1737716400, 27317, 0
