1729926000, 42570, 96
1729929600, 40664, 71
1729933200, 39501, 70
1729936800, 39293, 67
1729940400, 40647, 66
1729944000, 37238, 85
1729947600, 38344, 82
1729951200, 37568, 80
1729954800, 41277, 52
1729958400, 40266, 63
1729962000, 37888, 63
1729965600, 34721, 66
1729969200, 33799, 58
1729972800, 32273, 71
1729976400, 38896, 56
1729980000, 36816, 94
1729983600, 50255, 96
1729987200, 41248, 90
1729990800, 42157, 98
1729994400, 38990, 99
1729998000, 39600, 80
1730001600, 38998, 123
1730005200, 39948, 86
1730008800, 41152, 105
1730012400, 43139, 145
1730016000, 41246, 122
1730019600, 40241, 116
1730023200, 46060, 94
1730026800, 42670, 145
1730030400, 39269, 112
1730034000, 42207, 97
1730037600, 38550, 80
1730041200, 42670, 78
1730044800, 41980, 79
1730048400, 38835, 89
1730052000, 38609, 78
1730055600, 36423, 67
1730059200, 34760, 79
1730062800, 40275, 93
1730066400, 38046, 95
1730070000, 51474, 97
1730073600, 43402, 74
1730077200, 43390, 100
1730080800, 41524, 90
1730084400, 43734, 86
1730088000, 42007, 93
1730091600, 44667, 95
1730095200, 41694, 103
1730098800, 43417, 89
1730102400, 46531, 99
1730106000, 44238, 86
1730109600, 42032, 85
1730113200, 43065, 116
1730116800, 39854, 72
1730120400, 39117, 95
1730124000, 36526, 76
1730127600, 40251, 89
1730131200, 35038, 85
1730134800, 43258, 89
1730138400, 43760, 129
1730142000, 41228, 110
1730145600, 40530, 101
1730149200, 46923, 131
1730152800, 40564, 118
1730156400, 57366, 141
1730160000, 44525, 137
1730163600, 47459, 122
1730167200, 46247, 89
1730170800, 46111, 84
1730174400, 44706, 104
1730178000, 46432, 97
1730181600, 52206, 86
1730185200, 50716, 108
1730188800, 49179, 97
1730192400, 50375, 74
1730196000, 48060, 87
1730199600, 46297, 121
1730203200, 43026, 78
1730206800, 48108, 79
1730210400, 46401, 80
1730214000, 48965, 88
1730217600, 48739, 80
1730221200, 47659, 72
1730224800, 43657, 83
1730228400, 41317, 66
1730232000, 42585, 60
1730235600, 47713, 70
1730239200, 44558, 95
1730242800, 60791, 115
1730246400, 50167, 89
1730250000, 48328, 124
1730253600, 47847, 130
1730257200, 47546, 117
1730260800, 45830, 97
1730264400, 45005, 98
1730268000, 47002, 80
1730271600, 45358, 83
1730275200, 44636, 115
1730278800, 49360, 68
1730282400, 43663, 103
1730286000, 43504, 115
1730289600, 40399, 84
1730293200, 44234, 90
1730296800, 43086, 82
1730300400, 44051, 82
1730304000, 39812, 69
1730307600, 39706, 66
1730311200, 39471, 60
1730314800, 37773, 64
1730318400, 38996, 68
1730322000, 42293, 90
1730325600, 40796, 92
1730329200, 55864, 110
1730332800, 44638, 105
1730336400, 43738, 126
1730340000, 46909, 138
1730343600, 47585, 67
1730347200, 46070, 92
1730350800, 46666, 93
1730354400, 41038, 92
1730358000, 44445, 70
1730361600, 40753, 98
1730365200, 46506, 85
1730368800, 44006, 72
1730372400, 43406, 150
1730376000, 44199, 91
1730379600, 47269, 94
1730383200, 44542, 71
1730386800, 48245, 83
1730390400, 44223, 77
1730394000, 43270, 79
1730397600, 41580, 52
1730401200, 43755, 81
1730404800, 42586, 80
1730408400, 44444, 81
1730412000, 45923, 92
1730415600, 57091, 112
1730419200, 47806, 95
1730422800, 49551, 87
1730426400, 46055, 101
1730430000, 43594, 62
1730433600, 43634, 79
1730437200, 41913, 65
1730440800, 40753, 83
1730444400, 41618, 84
1730448000, 42154, 64
1730451600, 40463, 60
1730455200, 41695, 64
1730458800, 41117, 51
1730462400, 35873, 57
1730466000, 40128, 43
1730469600, 36628, 49
1730473200, 38617, 50
1730476800, 39056, 57
1730480400, 40034, 50
1730484000, 36553, 47
1730487600, 35538, 62
1730491200, 35597, 69
1730494800, 43375, 74
1730498400, 40578, 49
1730502000, 55309, 87
1730505600, 43972, 70
1730509200, 43451, 68
1730512800, 42639, 79
1730516400, 42214, 54
1730520000, 41049, 81
1730523600, 41151, 77
1730527200, 43049, 90
1730530800, 39759, 72
1730534400, 40270, 64
1730538000, 38619, 38
1730541600, 39754, 41
1730545200, 37571, 51
1730548800, 34839, 57
1730552400, 35132, 56
1730556000, 33658, 52
1730559600, 36465, 59
1730563200, 33895, 61
1730566800, 33023, 58
1730570400, 31694, 69
1730574000, 30556, 46
1730577600, 31802, 83
1730581200, 35603, 96
1730584800, 33165, 103
1730588400, 46850, 114
1730592000, 40101, 95
1730595600, 37815, 107
1730599200, 39449, 109
1730602800, 38867, 68
1730606400, 38404, 103
1730610000, 40942, 106
1730613600, 43446, 101
1730617200, 43957, 91
1730620800, 42440, 83
1730624400, 42880, 79
1730628000, 43670, 103
1730631600, 43438, 91
1730635200, 39558, 117
1730638800, 45829, 84
1730642400, 43697, 78
1730646000, 42342, 61
1730649600, 36582, 57
1730653200, 38809, 86
1730656800, 39597, 59
1730660400, 41754, 72
1730664000, 31638, 53
1730667600, 37111, 61
1730671200, 34000, 71
1730674800, 49571, 105
1730678400, 44195, 101
1730682000, 46074, 103
1730685600, 47362, 90
1730689200, 49510, 81
1730692800, 50584, 62
1730696400, 44953, 69
1730700000, 42319, 72
1730703600, 44162, 73
1730707200, 46322, 92
1730710800, 45522, 68
1730714400, 45977, 77
1730718000, 51889, 96
1730721600, 45995, 94
1730725200, 54621, 116
1730728800, 45867, 99
1730732400, 52969, 79
1730736000, 49774, 81
1730739600, 49906, 81
1730743200, 44664, 75
1730746800, 49467, 68
1730750400, 45903, 89
1730754000, 50608, 104
1730757600, 49342, 97
1730761200, 68272, 89
1730764800, 56771, 110
1730768400, 50201, 138
1730772000, 48192, 94
1730775600, 51013, 65
1730779200, 47824, 74
1730782800, 50655, 79
1730786400, 51260, 75
1730790000, 57723, 88
1730793600, 49512, 127
1730797200, 50320, 102
1730800800, 49758, 80
1730804400, 51313, 137
1730808000, 43924, 76
1730811600, 48247, 74
1730815200, 46047, 90
1730818800, 47108, 81
1730822400, 41636, 83
1730826000, 39917, 87
1730829600, 39812, 64
1730833200, 39356, 66
1730836800, 38047, 83
1730840400, 45264, 102
1730844000, 36954, 126
1730847600, 52381, 127
1730851200, 45396, 128
1730854800, 49825, 137
1730858400, 48458, 113
1730862000, 45531, 90
1730865600, 42420, 86
1730869200, 42334, 68
1730872800, 45134, 99
1730876400, 41008, 88
1730880000, 43777, 86
1730883600, 43809, 88
1730887200, 42266, 92
1730890800, 40888, 130
1730894400, 43787, 87
1730898000, 41823, 86
1730901600, 36863, 66
1730905200, 39275, 58
1730908800, 39102, 71
1730912400, 38949, 72
1730916000, 36482, 67
1730919600, 35356, 59
1730923200, 36367, 62
1730926800, 38679, 68
1730930400, 35104, 74
1730934000, 50731, 106
1730937600, 39966, 74
1730941200, 40850, 140
1730944800, 45037, 118
1730948400, 45587, 105
1730952000, 40715, 79
1730955600, 42693, 84
1730959200, 44669, 117
1730962800, 46626, 153
1730966400, 46134, 133
1730970000, 45804, 103
1730973600, 51890, 124
1730977200, 53423, 136
1730980800, 46206, 76
1730984400, 46676, 69
1730988000, 42094, 131
1730991600, 51181, 53
1730995200, 53349, 69
1730998800, 55639, 75
1731002400, 43921, 62
1731006000, 39283, 57
1731009600, 42432, 55
1731013200, 45028, 66
1731016800, 43215, 78
1731020400, 58112, 79
1731024000, 49757, 81
1731027600, 48492, 74
1731031200, 47485, 75
1731034800, 49724, 69
1731038400, 45095, 46
1731042000, 44410, 54
1731045600, 46247, 49
1731049200, 43541, 50
1731052800, 40437, 52
1731056400, 46966, 39
1731060000, 44589, 47
1731063600, 42987, 42
1731067200, 42023, 38
1731070800, 41655, 33
1731074400, 36744, 55
1731078000, 42512, 84
1731081600, 40194, 51
1731085200, 38886, 47
1731088800, 37162, 36
1731092400, 34859, 46
1731096000, 33143, 40
1731099600, 41410, 65
1731103200, 39203, 60
1731106800, 59462, 86
1731110400, 49683, 75
1731114000, 47877, 78
1731117600, 51391, 79
1731121200, 53579, 52
1731124800, 41724, 31
1731128400, 40681, 24
1731132000, 43400, 35
1731135600, 42870, 44
1731139200, 43354, 34
1731142800, 42793, 28
1731146400, 44269, 38
1731150000, 43779, 39
1731153600, 40882, 50
1731157200, 41156, 60
1731160800, 37757, 53
1731164400, 45460, 49
1731168000, 41684, 46
1731171600, 40658, 51
1731175200, 48172, 34
1731178800, 36033, 37
1731182400, 33937, 54
1731186000, 37724, 50
1731189600, 37469, 59
1731193200, 57916, 87
1731196800, 45602, 96
1731200400, 46936, 91
1731204000, 47334, 122
1731207600, 41647, 73
1731211200, 41048, 89
1731214800, 47974, 82
1731218400, 44160, 108
1731222000, 47525, 82
1731225600, 45921, 69
1731229200, 46097, 73
1731232800, 43472, 105
1731236400, 46097, 140
1731240000, 41919, 97
1731243600, 42501, 74
1731247200, 38805, 96
1731250800, 44887, 78
1731254400, 45158, 76
1731258000, 45456, 69
1731261600, 36048, 88
1731265200, 35669, 64
1731268800, 34772, 72
1731272400, 40711, 83
1731276000, 35198, 94
1731279600, 46999, 63
1731283200, 46592, 76
1731286800, 46170, 85
1731290400, 48509, 129
1731294000, 49857, 78
1731297600, 42688, 111
1731301200, 44919, 76
1731304800, 45018, 110
1731308400, 47081, 94
1731312000, 41831, 115
1731315600, 43164, 282
1731319200, 38572, 92
1731322800, 40752, 101
1731326400, 36521, 79
1731330000, 38302, 177
1731333600, 36788, 67
1731337200, 41675, 54
1731340800, 37065, 78
1731344400, 37453, 93
1731348000, 35553, 52
1731351600, 35522, 59
1731355200, 35164, 36
1731358800, 38135, 79
1731362400, 32054, 61
1731366000, 44452, 66
1731369600, 42716, 74
1731373200, 38392, 103
1731376800, 41637, 71
1731380400, 41478, 113
1731384000, 34155, 82
1731387600, 38515, 94
1731391200, 43628, 112
1731394800, 45346, 92
1731398400, 41752, 104
1731402000, 43540, 93
1731405600, 42118, 102
1731409200, 42155, 148
1731412800, 41222, 90
1731416400, 48157, 80
1731420000, 45358, 77
1731423600, 49928, 96
1731427200, 45198, 78
1731430800, 47256, 108
1731434400, 44318, 74
1731438000, 40318, 45
1731441600, 37608, 59
1731445200, 43457, 78
1731448800, 36451, 78
1731452400, 46320, 87
1731456000, 46675, 89
1731459600, 42549, 131
1731463200, 41540, 70
1731466800, 40472, 95
1731470400, 38428, 80
1731474000, 41907, 114
1731477600, 41887, 85
1731481200, 39965, 75
1731484800, 40062, 67
1731488400, 39191, 64
1731492000, 37888, 73
1731495600, 39794, 107
1731499200, 36240, 77
1731502800, 42012, 73
1731506400, 37573, 76
1731510000, 38628, 63
1731513600, 38352, 63
1731517200, 35903, 51
1731520800, 33574, 60
1731524400, 33627, 65
1731528000, 34456, 62
1731531600, 37943, 80
1731535200, 31950, 69
1731538800, 48450, 87
1731542400, 43002, 85
1731546000, 40711, 116
1731549600, 42118, 94
1731553200, 43012, 83
1731556800, 42704, 96
1731560400, 42638, 74
1731564000, 41368, 80
1731567600, 43075, 71
1731571200, 40781, 88
1731574800, 44377, 65
1731578400, 40748, 72
1731582000, 42436, 76
1731585600, 39396, 74
1731589200, 61626, 67
1731592800, 43172, 47
1731596400, 45071, 55
1731600000, 41205, 68
1731603600, 40962, 69
1731607200, 34538, 54
1731610800, 38398, 77
1731614400, 39952, 65
1731618000, 40877, 54
1731621600, 35794, 112
1731625200, 49156, 75
1731628800, 46849, 62
1731632400, 45223, 75
1731636000, 43820, 75
1731639600, 53191, 76
1731643200, 43352, 82
1731646800, 42858, 71
1731650400, 40561, 58
1731654000, 40281, 56
1731657600, 38775, 48
1731661200, 47471, 55
1731664800, 41043, 92
1731668400, 40665, 42
1731672000, 40775, 64
1731675600, 40567, 51
1731679200, 37176, 39
1731682800, 41934, 43
1731686400, 36568, 42
1731690000, 36326, 43
1731693600, 33483, 41
1731697200, 34890, 45
1731700800, 34568, 41
1731704400, 37829, 64
1731708000, 31540, 78
1731711600, 44837, 78
1731715200, 40402, 71
1731718800, 39156, 70
1731722400, 38803, 78
1731726000, 41368, 62
1731729600, 37850, 84
1731733200, 40520, 72
1731736800, 42345, 55
1731740400, 41336, 55
1731744000, 41060, 53
1731747600, 40902, 60
1731751200, 37793, 40
1731754800, 37575, 44
1731758400, 36083, 39
1731762000, 35417, 64
1731765600, 33701, 49
1731769200, 41542, 45
1731772800, 44096, 50
1731776400, 42666, 43
1731780000, 38090, 68
1731783600, 39606, 91
1731787200, 37943, 73
1731790800, 44334, 72
1731794400, 37794, 71
1731798000, 45573, 82
1731801600, 46020, 84
1731805200, 46218, 86
1731808800, 45266, 71
1731812400, 42061, 63
1731816000, 41077, 123
1731819600, 40377, 96
1731823200, 42014, 87
1731826800, 41451, 75
1731830400, 39195, 81
1731834000, 42500, 65
1731837600, 38775, 80
1731841200, 39094, 94
1731844800, 37525, 96
1731848400, 38487, 62
1731852000, 36680, 62
1731855600, 43770, 70
1731859200, 41465, 61
1731862800, 42431, 77
1731866400, 38474, 72
1731870000, 37737, 83
1731873600, 36195, 51
1731877200, 41625, 102
1731880800, 37186, 89
1731884400, 48946, 91
1731888000, 46698, 78
1731891600, 43250, 115
1731895200, 43583, 86
1731898800, 42466, 113
1731902400, 39427, 111
1731906000, 41004, 109
1731909600, 41168, 83
1731913200, 43057, 78
1731916800, 40243, 79
1731920400, 39906, 98
1731924000, 37396, 81
1731927600, 36882, 85
1731931200, 35314, 92
1731934800, 38440, 110
1731938400, 36628, 97
1731942000, 41523, 83
1731945600, 38778, 63
1731949200, 37092, 70
1731952800, 33686, 78
1731956400, 35161, 73
1731960000, 36377, 51
1731963600, 43660, 77
1731967200, 39939, 64
1731970800, 49399, 80
1731974400, 44872, 73
1731978000, 47906, 104
1731981600, 45906, 76
1731985200, 41254, 52
1731988800, 37771, 92
1731992400, 44356, 79
1731996000, 42940, 73
1731999600, 42086, 70
1732003200, 39141, 64
1732006800, 40096, 69
1732010400, 37663, 86
1732014000, 42927, 100
1732017600, 41894, 129
1732021200, 40962, 80
1732024800, 37602, 76
1732028400, 41478, 54
1732032000, 40064, 74
1732035600, 40089, 65
1732039200, 39208, 68
1732042800, 37950, 45
1732046400, 35590, 75
1732050000, 40095, 70
1732053600, 36138, 70
1732057200, 44163, 70
1732060800, 44147, 69
1732064400, 43315, 104
1732068000, 40585, 76
1732071600, 44403, 66
1732075200, 42400, 73
1732078800, 43672, 84
1732082400, 48654, 87
1732086000, 46172, 71
1732089600, 43555, 64
1732093200, 45330, 68
1732096800, 42534, 68
1732100400, 43973, 81
1732104000, 42304, 84
1732107600, 44758, 84
1732111200, 40925, 51
1732114800, 44843, 57
1732118400, 41931, 49
1732122000, 42472, 62
1732125600, 34314, 41
1732129200, 36497, 43
1732132800, 37963, 72
1732136400, 39931, 95
1732140000, 37317, 82
1732143600, 52836, 83
1732147200, 49574, 73
1732150800, 49646, 118
1732154400, 45678, 82
1732158000, 38792, 64
1732161600, 38998, 82
1732165200, 44390, 67
1732168800, 44260, 56
1732172400, 42859, 52
1732176000, 41070, 68
1732179600, 41662, 57
1732183200, 45408, 52
1732186800, 52984, 85
1732190400, 45310, 57
1732194000, 52346, 55
1732197600, 42724, 77
1732201200, 45401, 62
1732204800, 42409, 50
1732208400, 45287, 55
1732212000, 39966, 61
1732215600, 36774, 53
1732219200, 38715, 41
1732222800, 41649, 58
1732226400, 39540, 51
1732230000, 48923, 91
1732233600, 46136, 74
1732237200, 49738, 61
1732240800, 43664, 66
1732244400, 39519, 58
1732248000, 35401, 81
1732251600, 42002, 86
1732255200, 41149, 72
1732258800, 37232, 71
1732262400, 34422, 51
1732266000, 36341, 39
1732269600, 35065, 33
1732273200, 41353, 50
1732276800, 34712, 47
1732280400, 35754, 64
1732284000, 31854, 27
1732287600, 39110, 50
1732291200, 41795, 42
1732294800, 41752, 43
1732298400, 39270, 41
1732302000, 38387, 39
1732305600, 38850, 47
1732309200, 45792, 59
1732312800, 38546, 55
1732316400, 49967, 79
1732320000, 49769, 62
1732323600, 51060, 77
1732327200, 47365, 62
1732330800, 47094, 60
1732334400, 44634, 92
1732338000, 46011, 49
1732341600, 47007, 62
1732345200, 43973, 43
1732348800, 42101, 66
1732352400, 45502, 53
1732356000, 44749, 48
1732359600, 45259, 40
1732363200, 43329, 62
1732366800, 43310, 44
1732370400, 42375, 83
1732374000, 45596, 48
1732377600, 45387, 57
1732381200, 41341, 44
1732384800, 39144, 49
1732388400, 40245, 47
1732392000, 41486, 51
1732395600, 42595, 64
1732399200, 39385, 68
1732402800, 50795, 74
1732406400, 49368, 54
1732410000, 52758, 88
1732413600, 50847, 87
1732417200, 50760, 64
1732420800, 49055, 96
1732424400, 49459, 79
1732428000, 50111, 87
1732431600, 47756, 62
1732435200, 47276, 79
1732438800, 50927, 54
1732442400, 47738, 73
1732446000, 48905, 75
1732449600, 47455, 95
1732453200, 47724, 84
1732456800, 46510, 75
1732460400, 49691, 49
1732464000, 46721, 64
1732467600, 44486, 41
1732471200, 40590, 47
1732474800, 42426, 46
1732478400, 42376, 46
1732482000, 41719, 61
1732485600, 35716, 90
1732489200, 49417, 79
1732492800, 48304, 70
1732496400, 52159, 73
1732500000, 45633, 61
1732503600, 48761, 45
1732507200, 45701, 62
1732510800, 48850, 58
1732514400, 51251, 71
1732518000, 48633, 61
1732521600, 44433, 66
1732525200, 46120, 49
1732528800, 45244, 55
1732532400, 45608, 77
1732536000, 41888, 98
1732539600, 41939, 77
1732543200, 41239, 66
1732546800, 43861, 80
1732550400, 42856, 56
1732554000, 42781, 62
1732557600, 38823, 67
1732561200, 39372, 47
1732564800, 37733, 56
1732568400, 40740, 60
1732572000, 33083, 59
1732575600, 47795, 57
1732579200, 45543, 59
1732582800, 48389, 78
1732586400, 43455, 55
1732590000, 44503, 56
1732593600, 39042, 57
1732597200, 41843, 61
1732600800, 40461, 79
1732604400, 40523, 115
1732608000, 38744, 90
1732611600, 41955, 92
1732615200, 39712, 75
1732618800, 39821, 79
1732622400, 36880, 80
1732626000, 37701, 76
1732629600, 34908, 62
1732633200, 38525, 73
1732636800, 36235, 63
1732640400, 43614, 63
1732644000, 32324, 65
1732647600, 37334, 71
1732651200, 36557, 46
1732654800, 35907, 63
1732658400, 36758, 60
1732662000, 48027, 53
1732665600, 49891, 53
1732669200, 50905, 56
1732672800, 42419, 38
1732676400, 50263, 38
1732680000, 44941, 52
1732683600, 47827, 57
1732687200, 47682, 75
1732690800, 47842, 65
1732694400, 38664, 47
1732698000, 39357, 76
1732701600, 36731, 58
1732705200, 43621, 58
1732708800, 40309, 92
1732712400, 43504, 79
1732716000, 37487, 76
1732719600, 40446, 66
1732723200, 37591, 104
1732726800, 37623, 62
1732730400, 36092, 56
1732734000, 32462, 58
1732737600, 37412, 55
1732741200, 42161, 69
1732744800, 36041, 44
1732748400, 42283, 54
1732752000, 45326, 70
1732755600, 47249, 54
1732759200, 46804, 41
1732762800, 47186, 46
1732766400, 42097, 45
1732770000, 40699, 36
1732773600, 46702, 68
1732777200, 42943, 49
1732780800, 41191, 74
1732784400, 45687, 57
1732788000, 43330, 72
1732791600, 44484, 64
1732795200, 43994, 88
1732798800, 50339, 74
1732802400, 43433, 59
1732806000, 47326, 61
1732809600, 43078, 100
1732813200, 40125, 52
1732816800, 39924, 53
1732820400, 36687, 51
1732824000, 38546, 34
1732827600, 39133, 58
1732831200, 34345, 48
1732834800, 44134, 34
1732838400, 45355, 60
1732842000, 42955, 67
1732845600, 41503, 61
1732849200, 40906, 39
1732852800, 37777, 49
1732856400, 36908, 45
1732860000, 36188, 45
1732863600, 35299, 33
1732867200, 35860, 44
1732870800, 37876, 54
1732874400, 37151, 43
1732878000, 35842, 40
1732881600, 35348, 48
1732885200, 41204, 38
1732888800, 36627, 46
1732892400, 40750, 51
1732896000, 36232, 51
1732899600, 36998, 58
1732903200, 32188, 43
1732906800, 34330, 41
1732910400, 38726, 47
1732914000, 43196, 40
1732917600, 38932, 41
1732921200, 50069, 57
1732924800, 46355, 42
1732928400, 45019, 42
1732932000, 43847, 48
1732935600, 44416, 36
1732939200, 36634, 35
1732942800, 39868, 50
1732946400, 40057, 32
1732950000, 38250, 46
1732953600, 40523, 53
1732957200, 41048, 96
1732960800, 38315, 69
1732964400, 39109, 67
1732968000, 39134, 57
1732971600, 40188, 56
1732975200, 36921, 54
1732978800, 42628, 48
1732982400, 39403, 50
1732986000, 35145, 38
1732989600, 36043, 33
1732993200, 38235, 39
1732996800, 36847, 48
1733000400, 36802, 45
1733004000, 37904, 56
1733007600, 45948, 39
1733011200, 44297, 43
1733014800, 43267, 68
1733018400, 40903, 54
1733022000, 42171, 37
1733025600, 43006, 55
1733029200, 44957, 47
1733032800, 44360, 68
1733036400, 41060, 88
1733040000, 42391, 76
1733043600, 42248, 87
1733047200, 40719, 68
1733050800, 42091, 66
1733054400, 42508, 85
1733058000, 44231, 74
1733061600, 41619, 74
1733065200, 46645, 58
1733068800, 41955, 57
1733072400, 39352, 63
1733076000, 36666, 86
1733079600, 39864, 71
1733083200, 38819, 59
1733086800, 40430, 53
1733090400, 37606, 52
1733094000, 48578, 60
1733097600, 45412, 47
1733101200, 44677, 62
1733104800, 43507, 61
1733108400, 43596, 57
1733112000, 42466, 68
1733115600, 45276, 65
1733119200, 45609, 69
1733122800, 43742, 76
1733126400, 45329, 89
1733130000, 42941, 80
1733133600, 40561, 66
1733137200, 43294, 73
1733140800, 43497, 105
1733144400, 39036, 82
1733148000, 40844, 85
1733151600, 44188, 68
1733155200, 39569, 64
1733158800, 35537, 66
1733162400, 34824, 55
1733166000, 35080, 54
1733169600, 33983, 55
1733173200, 39962, 65
1733176800, 37167, 45
1733180400, 43767, 39
1733184000, 43614, 48
1733187600, 44599, 48
1733191200, 44544, 78
1733194800, 44355, 67
1733198400, 43058, 59
1733202000, 48519, 63
1733205600, 48368, 73
1733209200, 46635, 66
1733212800, 46627, 100
1733216400, 44625, 77
1733220000, 40999, 66
1733223600, 42714, 78
1733227200, 40300, 106
1733230800, 42356, 76
1733234400, 37932, 87
1733238000, 43716, 53
1733241600, 40517, 71
1733245200, 35491, 60
1733248800, 34707, 64
1733252400, 32354, 54
1733256000, 33779, 50
1733259600, 37011, 57
1733263200, 34173, 59
1733266800, 42924, 52
1733270400, 42847, 43
1733274000, 41053, 43
1733277600, 40750, 60
1733281200, 40972, 58
1733284800, 40152, 47
1733288400, 41523, 73
1733292000, 42408, 58
1733295600, 44024, 74
1733299200, 40276, 88
1733302800, 40200, 102
1733306400, 37447, 77
1733310000, 38601, 114
1733313600, 40990, 94
1733317200, 40825, 79
1733320800, 34417, 79
1733324400, 41979, 62
1733328000, 42207, 68
1733331600, 42382, 54
1733335200, 37848, 57
1733338800, 35998, 42
1733342400, 36909, 53
1733346000, 39202, 46
1733349600, 34803, 47
1733353200, 43214, 48
1733356800, 41266, 50
1733360400, 38768, 78
1733364000, 37173, 78
1733367600, 36158, 60
1733371200, 35399, 48
1733374800, 39112, 70
1733378400, 39153, 55
1733382000, 38528, 51
1733385600, 37719, 95
1733389200, 39687, 79
1733392800, 35630, 51
1733396400, 37337, 80
1733400000, 35964, 61
1733403600, 37604, 66
1733407200, 35415, 57
1733410800, 39489, 55
1733414400, 42038, 44
1733418000, 40730, 64
1733421600, 32165, 53
1733425200, 31126, 72
1733428800, 32724, 60
1733432400, 36099, 62
1733436000, 32072, 57
1733439600, 40298, 44
1733443200, 39136, 38
1733446800, 39726, 32
1733450400, 36720, 32
1733454000, 36429, 40
1733457600, 34507, 49
1733461200, 37185, 34
1733464800, 36914, 72
1733468400, 35702, 35
1733472000, 35656, 42
1733475600, 36854, 45
1733479200, 34982, 42
1733482800, 34505, 45
1733486400, 34396, 47
1733490000, 37571, 64
1733493600, 35557, 46
1733497200, 38013, 30
1733500800, 33347, 38
1733504400, 35363, 41
1733508000, 39458, 35
1733511600, 38512, 39
1733515200, 39240, 28
1733518800, 43125, 39
1733522400, 37220, 24
1733526000, 49658, 33
1733529600, 46802, 43
1733533200, 45564, 35
1733536800, 44061, 38
1733540400, 46065, 35
1733544000, 43046, 74
1733547600, 41346, 68
1733551200, 39627, 57
1733554800, 36665, 34
1733558400, 41282, 47
1733562000, 37415, 30
1733565600, 37980, 52
1733569200, 38324, 52
1733572800, 37443, 48
1733576400, 38298, 45
1733580000, 35650, 39
1733583600, 38918, 45
1733587200, 36044, 41
1733590800, 36066, 52
1733594400, 34333, 45
1733598000, 34618, 47
1733601600, 30540, 48
1733605200, 35161, 37
1733608800, 31040, 38
1733612400, 41769, 47
1733616000, 40534, 33
1733619600, 40371, 43
1733623200, 39142, 36
1733626800, 38832, 44
1733630400, 37100, 46
1733634000, 38266, 46
1733637600, 40835, 66
1733641200, 40867, 73
1733644800, 38312, 66
1733648400, 37795, 63
1733652000, 36689, 63
1733655600, 40359, 77
1733659200, 41668, 81
1733662800, 40740, 143
1733666400, 38123, 75
1733670000, 40472, 68
1733673600, 34807, 48
1733677200, 34333, 55
1733680800, 33484, 42
1733684400, 32176, 58
1733688000, 32695, 41
1733691600, 35512, 52
1733695200, 31408, 54
1733698800, 42886, 62
1733702400, 40850, 59
1733706000, 41338, 50
1733709600, 39997, 42
1733713200, 38998, 64
1733716800, 38425, 63
1733720400, 40705, 59
1733724000, 40400, 72
1733727600, 40314, 58
1733731200, 41923, 78
1733734800, 43501, 63
1733738400, 40633, 72
1733742000, 39104, 55
1733745600, 37853, 78
1733749200, 38603, 75
1733752800, 37086, 78
1733756400, 38028, 45
1733760000, 33399, 58
1733763600, 32116, 54
1733767200, 30809, 48
1733770800, 29324, 47
1733774400, 29093, 60
1733778000, 32458, 74
1733781600, 29433, 60
1733785200, 40362, 70
1733788800, 38555, 45
1733792400, 36447, 45
1733796000, 34851, 55
1733799600, 35128, 50
1733803200, 32709, 56
1733806800, 35476, 52
1733810400, 37282, 60
1733814000, 37980, 58
1733817600, 38998, 62
1733821200, 39267, 70
1733824800, 34748, 60
1733828400, 34381, 71
1733832000, 34006, 81
1733835600, 33853, 78
1733839200, 33199, 55
1733842800, 40801, 54
1733846400, 36252, 73
1733850000, 35282, 38
1733853600, 34104, 44
1733857200, 32967, 34
1733860800, 32548, 36
1733864400, 36292, 38
1733868000, 31445, 33
1733871600, 40635, 46
1733875200, 40688, 47
1733878800, 40275, 36
1733882400, 39498, 51
1733886000, 38993, 54
1733889600, 35865, 44
1733893200, 38199, 59
1733896800, 39651, 112
1733900400, 39396, 77
1733904000, 42894, 89
1733907600, 42244, 56
1733911200, 40930, 70
1733914800, 41826, 75
1733918400, 42417, 66
1733922000, 42930, 67
1733925600, 41377, 51
1733929200, 43211, 61
1733932800, 38421, 49
1733936400, 38145, 57
1733940000, 36522, 43
1733943600, 36463, 52
1733947200, 35572, 46
1733950800, 38241, 52
1733954400, 35400, 49
1733958000, 43707, 52
1733961600, 39847, 45
1733965200, 39594, 46
1733968800, 39390, 47
1733972400, 39234, 40
1733976000, 38263, 54
1733979600, 39684, 62
1733983200, 44556, 48
1733986800, 47239, 67
1733990400, 46241, 69
1733994000, 47052, 50
1733997600, 42368, 69
1734001200, 43957, 46
1734004800, 43923, 80
1734008400, 41272, 76
1734012000, 42171, 60
1734015600, 44508, 97
1734019200, 40583, 60
1734022800, 42329, 49
1734026400, 37001, 60
1734030000, 38295, 51
1734033600, 38030, 50
1734037200, 41460, 39
1734040800, 34571, 50
1734044400, 43570, 52
1734048000, 41910, 33
1734051600, 40809, 25
1734055200, 39315, 35
1734058800, 39020, 43
1734062400, 36757, 41
1734066000, 39262, 50
1734069600, 39712, 32
1734073200, 39523, 34
1734076800, 42117, 41
1734080400, 42012, 68
1734084000, 37100, 53
1734087600, 39559, 45
1734091200, 38623, 46
1734094800, 37768, 49
1734098400, 37052, 39
1734102000, 37808, 37
1734105600, 32902, 39
1734109200, 33350, 52
1734112800, 32588, 44
1734116400, 30941, 38
1734120000, 30869, 33
1734123600, 37673, 34
1734127200, 32348, 41
1734130800, 45707, 54
1734134400, 43127, 59
1734138000, 41866, 35
1734141600, 41305, 41
1734145200, 41483, 39
1734148800, 37637, 34
1734152400, 38932, 39
1734156000, 39693, 50
1734159600, 39137, 42
1734163200, 39249, 48
1734166800, 38762, 50
1734170400, 35036, 44
1734174000, 36835, 52
1734177600, 36681, 64
1734181200, 39586, 49
1734184800, 38344, 58
1734188400, 42667, 43
1734192000, 41624, 44
1734195600, 39288, 56
1734199200, 37512, 41
1734202800, 35063, 41
1734206400, 27053, 27
1734210000, 31196, 36
1734213600, 28461, 40
1734217200, 38068, 48
1734220800, 37395, 51
1734224400, 35459, 58
1734228000, 35498, 36
1734231600, 32004, 47
1734235200, 32559, 51
1734238800, 36866, 68
1734242400, 39338, 53
1734246000, 39076, 69
1734249600, 40545, 88
1734253200, 38416, 100
1734256800, 35507, 61
1734260400, 37340, 67
1734264000, 35944, 57
1734267600, 36994, 75
1734271200, 34194, 48
1734274800, 35857, 59
1734278400, 32974, 51
1734282000, 31289, 38
1734285600, 31463, 42
1734289200, 34720, 41
1734292800, 33275, 29
1734296400, 41067, 51
1734300000, 37421, 49
1734303600, 41674, 41
1734307200, 41213, 45
1734310800, 44230, 81
1734314400, 43452, 38
1734318000, 43527, 37
1734321600, 41785, 46
1734325200, 44029, 44
1734328800, 45307, 87
1734332400, 45692, 76
1734336000, 45851, 70
1734339600, 42669, 75
1734343200, 38070, 70
1734346800, 39283, 70
1734350400, 39128, 66
1734354000, 38542, 90
1734357600, 35192, 63
1734361200, 39631, 56
1734364800, 36387, 50
1734368400, 34371, 68
1734372000, 34247, 69
1734375600, 31218, 53
1734379200, 31624, 34
1734382800, 32214, 50
1734386400, 31286, 52
1734390000, 37076, 61
1734393600, 36252, 68
1734397200, 35128, 59
1734400800, 37149, 42
1734404400, 37325, 64
1734408000, 32859, 53
1734411600, 34096, 59
1734415200, 35556, 64
1734418800, 34587, 77
1734422400, 33300, 79
1734426000, 34515, 57
1734429600, 32159, 68
1734433200, 33520, 50
1734436800, 33650, 48
1734440400, 32709, 95
1734444000, 31056, 46
1734447600, 35218, 64
1734451200, 30875, 55
1734454800, 32055, 43
1734458400, 31931, 35
1734462000, 32070, 33
1734465600, 28521, 39
1734469200, 35936, 43
1734472800, 30359, 24
1734476400, 37343, 49
1734480000, 36195, 30
1734483600, 38673, 68
1734487200, 38615, 63
1734490800, 40197, 63
1734494400, 35748, 70
1734498000, 36776, 45
1734501600, 37360, 63
1734505200, 37731, 66
1734508800, 37434, 83
1734512400, 37268, 64
1734516000, 35516, 80
1734519600, 34545, 64
1734523200, 34854, 92
1734526800, 35710, 90
1734530400, 33541, 62
1734534000, 36532, 65
1734537600, 34556, 56
1734541200, 34905, 56
1734544800, 32835, 51
1734548400, 31640, 60
1734552000, 33764, 45
1734555600, 38468, 47
1734559200, 34711, 49
1734562800, 42032, 39
1734566400, 41279, 41
1734570000, 41054, 54
1734573600, 40176, 64
1734577200, 40514, 54
1734580800, 38265, 48
1734584400, 38345, 53
1734588000, 41376, 47
1734591600, 41095, 43
1734595200, 38515, 51
1734598800, 40849, 52
1734602400, 37494, 96
1734606000, 40513, 75
1734609600, 39571, 76
1734613200, 50436, 52
1734616800, 47707, 44
1734620400, 52221, 55
1734624000, 47976, 58
1734627600, 41175, 57
1734631200, 34556, 47
1734634800, 32838, 53
1734638400, 32617, 46
1734642000, 35966, 41
1734645600, 30507, 44
1734649200, 38242, 34
1734652800, 39448, 37
1734656400, 38101, 35
1734660000, 36861, 31
1734663600, 38344, 43
1734667200, 36931, 74
1734670800, 38222, 49
1734674400, 40675, 49
1734678000, 39439, 52
1734681600, 38344, 48
1734685200, 40237, 40
1734688800, 34637, 44
1734692400, 35378, 32
1734696000, 32664, 53
1734699600, 34410, 53
1734703200, 31622, 37
1734706800, 36832, 39
1734710400, 33910, 55
1734714000, 33513, 33
1734717600, 31253, 57
1734721200, 31566, 58
1734724800, 33331, 49
1734728400, 36463, 51
1734732000, 31738, 36
1734735600, 41057, 53
1734739200, 39377, 35
1734742800, 39577, 35
1734746400, 37938, 44
1734750000, 37014, 29
1734753600, 34716, 34
1734757200, 37317, 38
1734760800, 38882, 46
1734764400, 39809, 43
1734768000, 37545, 34
1734771600, 37258, 29
1734775200, 38126, 35
1734778800, 37635, 32
1734782400, 35616, 31
1734786000, 36735, 39
1734789600, 35256, 26
1734793200, 38382, 43
1734796800, 36476, 36
1734800400, 38158, 34
1734804000, 36680, 27
1734807600, 36797, 28
1734811200, 37548, 22
1734814800, 40260, 35
1734818400, 34683, 33
1734822000, 42097, 42
1734825600, 40690, 48
1734829200, 38250, 62
1734832800, 37096, 45
1734836400, 37295, 71
1734840000, 36428, 65
1734843600, 37476, 63
1734847200, 40057, 50
1734850800, 39302, 84
1734854400, 37772, 61
1734858000, 37945, 78
1734861600, 36090, 73
1734865200, 37826, 86
1734868800, 36607, 64
1734872400, 36413, 64
1734876000, 36220, 63
1734879600, 39802, 58
1734883200, 36977, 56
1734886800, 34799, 47
1734890400, 33731, 43
1734894000, 33269, 41
1734897600, 33629, 43
1734901200, 37617, 48
1734904800, 34878, 45
1734908400, 42574, 45
1734912000, 39818, 38
1734915600, 39815, 60
1734919200, 38113, 55
1734922800, 38768, 45
1734926400, 37186, 53
1734930000, 39995, 81
1734933600, 40505, 64
1734937200, 41032, 82
1734940800, 39626, 76
1734944400, 40540, 78
1734948000, 38230, 62
1734951600, 43647, 66
1734955200, 43732, 134
1734958800, 50068, 139
1734962400, 46251, 137
1734966000, 43547, 81
1734969600, 40525, 75
1734973200, 44052, 60
1734976800, 44454, 64
1734980400, 45481, 68
1734984000, 42542, 46
1734987600, 45968, 70
1734991200, 43791, 61
1734994800, 51338, 62
1734998400, 50418, 53
1735002000, 48509, 75
1735005600, 48124, 97
1735009200, 47543, 47
1735012800, 45761, 49
1735016400, 47171, 41
1735020000, 48595, 85
1735023600, 47155, 76
1735027200, 48921, 60
1735030800, 48947, 66
1735034400, 47890, 61
1735038000, 46914, 71
1735041600, 45502, 59
1735045200, 43985, 65
1735048800, 43790, 66
1735052400, 50139, 64
1735056000, 43785, 64
1735059600, 42746, 71
1735063200, 41192, 61
1735066800, 36727, 49
1735070400, 40080, 48
1735074000, 37658, 57
1735077600, 33300, 48
1735081200, 42426, 37
1735084800, 41187, 42
1735088400, 40759, 42
1735092000, 39877, 42
1735095600, 39149, 41
1735099200, 39731, 39
1735102800, 39789, 41
1735106400, 38493, 60
1735110000, 39852, 77
1735113600, 40547, 60
1735117200, 39028, 94
1735120800, 36499, 53
1735124400, 38127, 70
1735128000, 36489, 64
1735131600, 37049, 71
1735135200, 35538, 60
1735138800, 38077, 85
1735142400, 34710, 142
1735146000, 35265, 77
1735149600, 33781, 51
1735153200, 32597, 52
1735156800, 32122, 71
1735160400, 36650, 53
1735164000, 32993, 54
1735167600, 24706, 33
1735171200, 39237, 53
1735174800, 23497, 41
1735178400, 36402, 60
1735182000, 38963, 54
1735185600, 39554, 69
1735189200, 38904, 64
1735192800, 37765, 99
1735196400, 37748, 98
1735200000, 40094, 61
1735203600, 37852, 95
1735207200, 31252, 58
1735210800, 36168, 65
1735214400, 35351, 64
1735218000, 35526, 51
1735221600, 32391, 59
1735225200, 33356, 50
1735228800, 33155, 97
1735232400, 35974, 109
1735236000, 33600, 40
1735239600, 21658, 31
1735243200, 33284, 25
1735246800, 34988, 28
1735250400, 32998, 22
1735254000, 45557, 27
1735257600, 42160, 20
1735261200, 42474, 30
1735264800, 41326, 31
1735268400, 39289, 29
1735272000, 37841, 21
1735275600, 36374, 26
1735279200, 38447, 37
1735282800, 39359, 35
1735286400, 37661, 29
1735290000, 38421, 30
1735293600, 36970, 33
1735297200, 34306, 29
1735300800, 33548, 34
1735304400, 35947, 30
1735308000, 31551, 30
1735311600, 33551, 31
1735315200, 32459, 22
1735318800, 32532, 20
1735322400, 34900, 25
1735326000, 37654, 27
1735329600, 40732, 18
1735333200, 44534, 18
1735336800, 39494, 21
1735340400, 46723, 27
1735344000, 45433, 17
1735347600, 44354, 19
1735351200, 45625, 21
1735354800, 42342, 31
1735358400, 41249, 23
1735362000, 44433, 25
1735365600, 44488, 16
1735369200, 45096, 22
1735372800, 42525, 23
1735376400, 44346, 33
1735380000, 41205, 23
1735383600, 40876, 32
1735387200, 40287, 34
1735390800, 38076, 42
1735394400, 34505, 33
1735398000, 38014, 29
1735401600, 40067, 23
1735405200, 39651, 29
1735408800, 40470, 23
1735412400, 40616, 28
1735416000, 39736, 14
1735419600, 40744, 20
1735423200, 37639, 26
1735426800, 46074, 29
1735430400, 46140, 28
1735434000, 46452, 37
1735437600, 46559, 31
1735441200, 46989, 37
1735444800, 45564, 38
1735448400, 47106, 57
1735452000, 47565, 37
1735455600, 46869, 37
1735459200, 47951, 44
1735462800, 47435, 33
1735466400, 43955, 52
1735470000, 43431, 38
1735473600, 42144, 40
1735477200, 44679, 62
1735480800, 41003, 41
1735484400, 55149, 57
1735488000, 46134, 49
1735491600, 42337, 35
1735495200, 40683, 37
1735498800, 39534, 44
1735502400, 39599, 42
1735506000, 41512, 39
1735509600, 36897, 38
1735513200, 48993, 34
1735516800, 47196, 33
1735520400, 46480, 41
1735524000, 46165, 49
1735527600, 46033, 39
1735531200, 44716, 32
1735534800, 45069, 54
1735538400, 47743, 51
1735542000, 46894, 44
1735545600, 47376, 49
1735549200, 45526, 43
1735552800, 44658, 68
1735556400, 46556, 50
1735560000, 44057, 52
1735563600, 46514, 47
1735567200, 41119, 59
1735570800, 46577, 55
1735574400, 39803, 48
1735578000, 39552, 46
1735581600, 37733, 44
1735585200, 38485, 40
1735588800, 35226, 47
1735592400, 39946, 39
1735596000, 35515, 38
1735599600, 45856, 42
1735603200, 45333, 38
1735606800, 45072, 45
1735610400, 45103, 48
1735614000, 46530, 36
1735617600, 44734, 41
1735621200, 46047, 38
1735624800, 43661, 34
1735628400, 45976, 38
1735632000, 48730, 45
1735635600, 46322, 51
1735639200, 44571, 46
1735642800, 45066, 35
1735646400, 43485, 61
1735650000, 45554, 42
1735653600, 45764, 54
1735657200, 49172, 42
1735660800, 46247, 55
1735664400, 42414, 40
1735668000, 39017, 51
1735671600, 38664, 47
1735675200, 37958, 27
1735678800, 41304, 35
1735682400, 39073, 37
1735686000, 46334, 33
1735689600, 46476, 33
1735693200, 44403, 39
1735696800, 42435, 42
1735700400, 41703, 47
1735704000, 40170, 41
1735707600, 42325, 45
1735711200, 41600, 30
1735714800, 43173, 45
1735718400, 42006, 51
1735722000, 43820, 47
1735725600, 41861, 49
1735729200, 40546, 39
1735732800, 40222, 44
1735736400, 48303, 52
1735740000, 44613, 49
1735743600, 45138, 40
1735747200, 42097, 45
1735750800, 40178, 37
1735754400, 36831, 41
1735758000, 36848, 40
1735761600, 38989, 39
1735765200, 45054, 33
1735768800, 37696, 39
1735772400, 47053, 44
1735776000, 45917, 29
1735779600, 45763, 45
1735783200, 45858, 45
1735786800, 44977, 41
1735790400, 42737, 49
1735794000, 45814, 54
1735797600, 45903, 39
1735801200, 47559, 42
1735804800, 47876, 43
1735808400, 43495, 46
1735812000, 43653, 56
1735815600, 41389, 43
1735819200, 41801, 62
1735822800, 41991, 60
1735826400, 39536, 32
1735830000, 43399, 51
1735833600, 40932, 54
1735837200, 46827, 37
1735840800, 54710, 51
1735844400, 48816, 45
1735848000, 49663, 38
1735851600, 51428, 44
1735855200, 47449, 47
1735858800, 53533, 39
1735862400, 52150, 34
1735866000, 50970, 53
1735869600, 50916, 44
1735873200, 51416, 32
1735876800, 49842, 30
1735880400, 53516, 42
1735884000, 54878, 46
1735887600, 54031, 28
1735891200, 53363, 42
1735894800, 53613, 35
1735898400, 50279, 33
1735902000, 50679, 47
1735905600, 49890, 35
1735909200, 53418, 33
1735912800, 46976, 41
1735916400, 51298, 35
1735920000, 45846, 31
1735923600, 43780, 41
1735927200, 41592, 34
1735930800, 40567, 38
1735934400, 40399, 34
1735938000, 45729, 48
1735941600, 40616, 50
1735945200, 49921, 36
1735948800, 49113, 25
1735952400, 49291, 27
1735956000, 49504, 40
1735959600, 48314, 33
1735963200, 49813, 37
1735966800, 53592, 30
1735970400, 51425, 30
1735974000, 50870, 35
1735977600, 45019, 40
1735981200, 40785, 20
1735984800, 42387, 51
1735988400, 41271, 43
1735992000, 40178, 59
1735995600, 39709, 42
1735999200, 37774, 46
1736002800, 40888, 38
1736006400, 41533, 41
1736010000, 36770, 45
1736013600, 34381, 38
1736017200, 33530, 32
1736020800, 35539, 32
1736024400, 46612, 43
1736028000, 36674, 41
1736031600, 47126, 38
1736035200, 46238, 32
1736038800, 46470, 32
1736042400, 46090, 35
1736046000, 44802, 36
1736049600, 47008, 52
1736053200, 47849, 39
1736056800, 49406, 44
1736060400, 51761, 48
1736064000, 57702, 47
1736067600, 52567, 44
1736071200, 51200, 71
1736074800, 49333, 56
1736078400, 45960, 59
1736082000, 46127, 53
1736085600, 43196, 49
1736089200, 46838, 65
1736092800, 45222, 62
1736096400, 41556, 52
1736100000, 38934, 55
1736103600, 39121, 66
1736107200, 39359, 48
1736110800, 43576, 48
1736114400, 45965, 46
1736118000, 51161, 33
1736121600, 46472, 32
1736125200, 47288, 45
1736128800, 44190, 46
1736132400, 44114, 32
1736136000, 43763, 44
1736139600, 47630, 77
1736143200, 49248, 51
1736146800, 49876, 60
1736150400, 50527, 55
1736154000, 47152, 50
1736157600, 46449, 48
1736161200, 46315, 65
1736164800, 46071, 58
1736168400, 44653, 67
1736172000, 43778, 71
1736175600, 48430, 53
1736179200, 45207, 53
1736182800, 44981, 52
1736186400, 44963, 43
1736190000, 45106, 40
1736193600, 43504, 35
1736197200, 49587, 30
1736200800, 44754, 42
1736204400, 53389, 29
1736208000, 49835, 35
1736211600, 48211, 57
1736215200, 47151, 42
1736218800, 51959, 49
1736222400, 49889, 40
1736226000, 56785, 45
1736229600, 60116, 33
1736233200, 57301, 60
1736236800, 59714, 59
1736240400, 56644, 57
1736244000, 56232, 64
1736247600, 56051, 60
1736251200, 55825, 65
1736254800, 56262, 54
1736258400, 51312, 62
1736262000, 55199, 52
1736265600, 51985, 53
1736269200, 51713, 57
1736272800, 51044, 58
1736276400, 46770, 40
1736280000, 50314, 48
1736283600, 57637, 45
1736287200, 50095, 43
1736290800, 60646, 49
1736294400, 59109, 49
1736298000, 59424, 36
1736301600, 57916, 43
1736305200, 57394, 40
1736308800, 55168, 43
1736312400, 59432, 38
1736316000, 61677, 49
1736319600, 60548, 54
1736323200, 60795, 57
1736326800, 61047, 60
1736330400, 55667, 63
1736334000, 56650, 46
1736337600, 54104, 63
1736341200, 53217, 57
1736344800, 49702, 59
1736348400, 50196, 51
1736352000, 49411, 52
1736355600, 53867, 49
1736359200, 53217, 70
1736362800, 49188, 43
1736366400, 47249, 36
1736370000, 52543, 42
1736373600, 44432, 40
1736377200, 54622, 43
1736380800, 52444, 47
1736384400, 59200, 48
1736388000, 49774, 45
1736391600, 48204, 38
1736395200, 55859, 46
1736398800, 60524, 49
1736402400, 63239, 44
1736406000, 64644, 64
1736409600, 64877, 45
1736413200, 66236, 53
1736416800, 58652, 56
1736420400, 58193, 56
1736424000, 60742, 59
1736427600, 55322, 53
1736431200, 48276, 63
1736434800, 48781, 42
1736438400, 44889, 50
1736442000, 47031, 53
1736445600, 44528, 44
1736449200, 44801, 51
1736452800, 51470, 47
1736456400, 53492, 48
1736460000, 48547, 50
1736463600, 57734, 46
1736467200, 57325, 26
1736470800, 57475, 46
1736474400, 54799, 42
1736478000, 54779, 44
1736481600, 50811, 48
1736485200, 53178, 31
1736488800, 55264, 37
1736492400, 55504, 29
1736496000, 52851, 45
1736499600, 50838, 39
1736503200, 48411, 37
1736506800, 47726, 35
1736510400, 50660, 44
1736514000, 51763, 31
1736517600, 51437, 26
1736521200, 61949, 37
1736524800, 51712, 42
1736528400, 51347, 43
1736532000, 46609, 29
1736535600, 47022, 55
1736539200, 47808, 46
1736542800, 52476, 40
1736546400, 46525, 45
1736550000, 58819, 35
1736553600, 53233, 34
1736557200, 56169, 34
1736560800, 56932, 31
1736564400, 59404, 44
1736568000, 52420, 34
1736571600, 56176, 29
1736575200, 60025, 33
1736578800, 54693, 37
1736582400, 57028, 36
1736586000, 53804, 46
1736589600, 52865, 25
1736593200, 53065, 44
1736596800, 50017, 49
1736600400, 54913, 43
1736604000, 51681, 37
1736607600, 55681, 20
1736611200, 52477, 40
1736614800, 49613, 46
1736618400, 47969, 41
1736622000, 49260, 31
1736625600, 48891, 51
1736629200, 53270, 48
1736632800, 53574, 47
1736636400, 65320, 26
1736640000, 59772, 33
1736643600, 63941, 61
1736647200, 61504, 30
1736650800, 62611, 56
1736654400, 59263, 40
1736658000, 63859, 58
1736661600, 64948, 61
1736665200, 64778, 55
1736668800, 66733, 51
1736672400, 65443, 56
1736676000, 62260, 63
1736679600, 60452, 59
1736683200, 58023, 74
1736686800, 80583, 48
1736690400, 58244, 62
1736694000, 60396, 48
1736697600, 55877, 45
1736701200, 52721, 55
1736704800, 51584, 68
1736708400, 50138, 52
1736712000, 46698, 58
1736715600, 53716, 58
1736719200, 46082, 49
1736722800, 60932, 35
1736726400, 58721, 45
1736730000, 59512, 55
1736733600, 55258, 49
1736737200, 67795, 40
1736740800, 57331, 52
1736744400, 60468, 40
1736748000, 61943, 47
1736751600, 60911, 62
1736755200, 60028, 53
1736758800, 67703, 50
1736762400, 67139, 68
1736766000, 59980, 47
1736769600, 64731, 72
1736773200, 62952, 67
1736776800, 54111, 49
1736780400, 57852, 51
1736784000, 55628, 46
1736787600, 55702, 53
1736791200, 52847, 49
1736794800, 54295, 30
1736798400, 49757, 36
1736802000, 55536, 45
1736805600, 49891, 41
1736809200, 55481, 32
1736812800, 53314, 43
1736816400, 60550, 49
1736820000, 57096, 52
1736823600, 55264, 48
1736827200, 54684, 51
1736830800, 59424, 51
1736834400, 59948, 58
1736838000, 41368, 52
1736841600, 39763, 39
1736845200, 62233, 62
1736848800, 60538, 48
1736852400, 60478, 60
1736856000, 46191, 51
1736859600, 55568, 46
1736863200, 53989, 45
1736866800, 56273, 46
1736870400, 48829, 38
1736874000, 47681, 50
1736877600, 43969, 45
1736881200, 41801, 53
1736884800, 45445, 52
1736888400, 48421, 51
1736892000, 43697, 40
1736895600, 55643, 30
1736899200, 52188, 40
1736902800, 53235, 51
1736906400, 51538, 41
1736910000, 51916, 33
1736913600, 55652, 45
1736917200, 57217, 39
1736920800, 59352, 34
1736924400, 59171, 33
1736928000, 62063, 44
1736931600, 58598, 58
1736935200, 56087, 49
1736938800, 58297, 45
1736942400, 53059, 43
1736946000, 54720, 47
1736949600, 52637, 68
1736953200, 53851, 37
1736956800, 52263, 41
1736960400, 52354, 40
1736964000, 46887, 34
1736967600, 44879, 20
1736971200, 48121, 38
1736974800, 51091, 42
1736978400, 46311, 44
1736982000, 55565, 35
1736985600, 52307, 32
1736989200, 51772, 38
1736992800, 49180, 32
1736996400, 50410, 39
1737000000, 50091, 46
1737003600, 50398, 50
1737007200, 52425, 37
1737010800, 52700, 36
1737014400, 56031, 46
1737018000, 54781, 54
1737021600, 51327, 41
1737025200, 53270, 42
1737028800, 50235, 36
1737032400, 50254, 33
1737036000, 50912, 43
1737039600, 51501, 32
1737043200, 48590, 37
1737046800, 52341, 35
1737050400, 55034, 31
1737054000, 55166, 36
1737057600, 57125, 37
1737061200, 60142, 30
1737064800, 53083, 44
1737068400, 63886, 33
1737072000, 58867, 28
1737075600, 56954, 33
1737079200, 60706, 31
1737082800, 60012, 27
1737086400, 59505, 29
1737090000, 59147, 32
1737093600, 59255, 25
1737097200, 59056, 32
1737100800, 58385, 41
1737104400, 58999, 28
1737108000, 58495, 28
1737111600, 57024, 26
1737115200, 55295, 40
1737118800, 56598, 34
1737122400, 57530, 32
1737126000, 58960, 39
1737129600, 57166, 33
1737133200, 56755, 43
1737136800, 52956, 35
1737140400, 52224, 30
1737144000, 51645, 27
1737147600, 58136, 27
1737151200, 51891, 31
1737154800, 66373, 20
1737158400, 60750, 27
1737162000, 58344, 31
1737165600, 58218, 29
1737169200, 56258, 33
1737172800, 54349, 34
1737176400, 57338, 25
1737180000, 61179, 34
1737183600, 56698, 23
1737187200, 57984, 29
1737190800, 59610, 33
1737194400, 58994, 35
1737198000, 56453, 41
1737201600, 55068, 34
1737205200, 57377, 30
1737208800, 52716, 27
1737212400, 50892, 30
1737216000, 49373, 32
1737219600, 46600, 25
1737223200, 44621, 27
1737226800, 41758, 28
1737230400, 43510, 17
1737234000, 46405, 35
1737237600, 43495, 26
1737241200, 53557, 42
1737244800, 51439, 29
1737248400, 52550, 40
1737252000, 52114, 53
1737255600, 50665, 26
1737259200, 50869, 33
1737262800, 54878, 37
1737266400, 57909, 55
1737270000, 56190, 41
1737273600, 56567, 61
1737277200, 61181, 47
1737280800, 55021, 53
1737284400, 54887, 41
1737288000, 53395, 46
1737291600, 52574, 42
1737295200, 50312, 54
1737298800, 54561, 39
1737302400, 53910, 40
1737306000, 51890, 42
1737309600, 51790, 51
1737313200, 47574, 33
1737316800, 53095, 49
1737320400, 56547, 35
1737324000, 49398, 48
1737327600, 62348, 37
1737331200, 55126, 37
1737334800, 58345, 41
1737338400, 55033, 37
1737342000, 57977, 30
1737345600, 55010, 39
1737349200, 56387, 36
1737352800, 58840, 44
1737356400, 57601, 53
1737360000, 61345, 52
1737363600, 57406, 49
1737367200, 56177, 49
1737370800, 53661, 49
1737374400, 51928, 53
1737378000, 47286, 48
1737381600, 38615, 34
1737385200, 49530, 42
1737388800, 46341, 27
1737392400, 47055, 47
1737396000, 43298, 43
1737399600, 42720, 36
1737403200, 42752, 43
1737406800, 48190, 32
1737410400, 44727, 51
1737414000, 54138, 36
1737417600, 51393, 45
1737421200, 53923, 35
1737424800, 53525, 55
1737428400, 51836, 31
1737432000, 50514, 41
1737435600, 56884, 36
1737439200, 53393, 54
1737442800, 54842, 44
1737446400, 57510, 59
1737450000, 53625, 41
1737453600, 49991, 42
1737457200, 51186, 54
1737460800, 49099, 48
1737464400, 46593, 38
1737468000, 47678, 46
1737471600, 49812, 45
1737475200, 45720, 30
1737478800, 48597, 43
1737482400, 43382, 34
1737486000, 42686, 33
1737489600, 43188, 36
1737493200, 49986, 37
1737496800, 45213, 31
1737500400, 52825, 22
1737504000, 49908, 26
1737507600, 49815, 43
1737511200, 48409, 49
1737514800, 48910, 25
1737518400, 46498, 26
1737522000, 48430, 41
1737525600, 50388, 39
1737529200, 50582, 45
1737532800, 51264, 40
1737536400, 48636, 37
1737540000, 51978, 47
1737543600, 53822, 35
1737547200, 50046, 50
1737550800, 46969, 42
1737554400, 44703, 59
1737558000, 52298, 34
1737561600, 46975, 38
1737565200, 47604, 32
1737568800, 45171, 34
1737572400, 44291, 29
1737576000, 44220, 52
1737579600, 52866, 28
1737583200, 46640, 46
1737586800, 60229, 25
1737590400, 55203, 19
1737594000, 54001, 39
1737597600, 51713, 37
1737601200, 52534, 23
1737604800, 52359, 20
1737608400, 57119, 33
1737612000, 55733, 42
1737615600, 61759, 49
1737619200, 56793, 51
1737622800, 55240, 39
1737626400, 53617, 35
1737630000, 55512, 44
1737633600, 52914, 37
1737637200, 54636, 39
1737640800, 53509, 41
1737644400, 55801, 35
1737648000, 53735, 38
1737651600, 48388, 26
1737655200, 46949, 32
1737658800, 44633, 33
1737662400, 47051, 36
1737666000, 49660, 30
1737669600, 45910, 39
1737673200, 52796, 31
1737676800, 50409, 48
1737680400, 52549, 24
1737684000, 50807, 0
1737687600, 48330, 0
1737691200, 48710, 0
1737694800, 16370, 0
